00023 0.758807 232.87 294.91 250.82 284.10 216.15 226.58 198.21 237.40
00199 0.859486 593.13 256.39 583.12 222.89 467.89 257.32 477.90 290.82
00199 0.702510 441.31 252.16 433.86 223.24 330.16 249.94 337.61 278.87
00214 0.790997 141.68 83.16 160.59 82.89 159.48 6.45 140.56 6.73
00302 0.894092 100.92 292.01 118.17 292.69 120.29 238.88 103.03 238.20
00303 0.908394 494.71 75.83 507.09 51.69 438.53 16.52 426.15 40.66
00303 0.886589 81.64 464.12 101.50 464.51 102.65 404.97 82.80 404.58
00397 0.756834 466.46 32.30 487.72 31.85 487.05 -0.46 465.79 -0.02
00399 0.841665 337.25 58.02 352.21 58.83 354.33 19.17 339.37 18.37
00400 0.852484 311.45 83.82 328.80 84.73 331.14 40.21 313.78 39.30
00401 0.730927 311.11 104.78 325.99 105.49 327.38 76.08 312.50 75.38
00402 0.907593 307.80 164.22 324.46 165.16 327.03 119.33 310.38 118.39
00403 0.917904 303.63 226.52 323.25 227.01 324.60 173.53 304.98 173.03
00404 0.582407 299.20 299.78 320.02 300.36 321.70 240.65 300.88 240.07
00405 0.760234 519.25 505.85 539.63 516.32 564.92 467.10 544.53 456.63
00435 0.472910 168.24 484.42 153.84 466.20 114.09 497.63 128.49 515.85
00465 0.431815 104.55 158.77 126.72 153.45 113.81 99.65 91.64 104.97
00466 0.328811 135.83 275.40 159.23 269.17 143.52 210.21 120.12 216.45
00467 0.828407 646.22 262.84 639.86 235.63 582.02 249.15 588.38 276.36
00470 0.433280 500.80 354.52 499.34 327.85 420.40 332.18 421.87 358.85
00471 0.868549 478.61 459.53 473.82 429.34 387.60 443.02 392.39 473.21
00482 0.587208 0.62 48.88 19.57 47.97 17.35 1.74 -1.61 2.65
00486 0.501946 -2.98 429.82 18.25 431.53 22.19 382.73 0.96 381.02
00486 0.496893 559.81 333.47 575.45 329.24 564.77 289.84 549.13 294.08
00486 0.325406 30.79 425.39 51.42 424.12 48.55 377.65 27.92 378.93
00495 0.303513 599.74 140.34 615.15 127.91 587.68 93.85 572.27 106.27
00502 0.678084 325.95 16.98 341.19 22.07 348.47 0.24 333.24 -4.84
00502 0.445674 87.13 23.07 91.18 7.69 63.37 0.37 59.33 15.75
00503 0.795714 315.28 72.18 330.96 78.07 343.32 45.16 327.63 39.27
00504 0.881078 329.62 91.80 345.25 97.31 357.45 62.68 341.82 57.17
00505 0.664983 334.33 91.55 350.22 96.94 362.09 61.95 346.20 56.56
00505 0.358142 441.99 22.19 455.60 27.72 466.24 1.54 452.63 -3.99
00506 0.822291 333.41 92.08 349.75 97.37 361.24 61.90 344.90 56.61
00506 0.716139 334.72 408.26 358.17 410.52 365.24 337.39 341.79 335.12
00506 0.538295 441.17 21.27 455.47 27.94 468.17 0.70 453.87 -5.97
00517 0.841435 593.66 468.94 613.81 475.14 630.34 421.38 610.20 415.19
00517 0.664614 622.80 482.18 640.05 483.19 643.23 428.56 625.99 427.56
00517 0.403334 11.60 340.00 17.40 322.37 -7.11 314.32 -12.90 331.94
00519 0.425054 479.28 376.09 497.84 379.93 508.48 328.58 489.92 324.74
00521 0.719458 582.37 385.58 601.11 381.52 592.47 341.65 573.73 345.71
00521 0.350991 137.81 237.19 143.24 218.29 100.36 205.95 94.92 224.86
00522 0.828871 465.52 359.71 483.08 353.00 468.59 315.08 451.03 321.79
00523 0.861456 157.89 377.76 178.38 375.58 173.11 326.09 152.61 328.28
00523 0.577337 185.37 374.13 202.83 372.36 198.35 328.29 180.89 330.07
00524 0.915510 107.38 387.81 126.63 384.35 117.84 335.48 98.60 338.93
00524 0.629400 637.73 55.76 655.37 41.38 631.97 12.67 614.33 27.05
00524 0.394478 334.09 347.25 350.44 338.91 331.81 302.39 315.46 310.73
00525 0.840519 595.77 83.57 589.78 62.57 535.75 77.98 541.74 98.98
00525 0.441126 -0.09 470.60 21.51 465.07 7.17 409.05 -14.43 414.58
00526 0.881083 494.87 99.23 486.85 78.00 436.62 96.98 444.64 118.21
00526 0.637082 154.06 465.88 170.59 454.06 143.37 416.01 126.85 427.83
00527 0.857920 474.71 127.17 464.86 105.55 414.62 128.43 424.47 150.05
00528 0.571448 405.11 159.14 395.40 139.90 344.77 165.46 354.48 184.70
00530 0.388703 354.84 184.94 343.13 165.94 292.61 197.07 304.31 216.06
00532 0.498505 182.59 219.28 169.09 202.26 120.54 240.76 134.04 257.79
00533 0.903889 119.89 303.88 103.79 285.76 52.66 331.16 68.76 349.29
00533 0.509520 103.01 400.61 119.43 414.45 153.29 374.29 136.87 360.45
00534 0.876649 95.58 368.15 79.14 349.97 22.32 401.36 38.77 419.54
00536 0.473161 18.45 223.75 33.54 198.18 0.94 178.94 -14.15 204.52
00537 0.561310 -12.00 242.08 12.21 248.58 20.12 219.12 -4.09 212.62
00550 0.556531 436.40 29.70 452.30 31.36 455.63 -0.50 439.72 -2.16
00552 0.921991 478.50 274.43 478.75 256.40 429.40 255.71 429.15 273.74
00552 0.910056 559.41 302.95 565.24 285.41 512.97 268.02 507.13 285.56
00552 0.900571 448.69 362.27 450.95 344.66 400.14 338.15 397.88 355.76
00552 0.883708 325.30 223.83 338.94 215.15 313.72 175.52 300.08 184.20
00552 0.881587 471.50 335.54 473.61 318.14 421.55 311.81 419.44 329.22
00552 0.881241 473.18 320.74 475.50 302.29 425.11 295.95 422.79 314.40
00552 0.875416 451.28 396.81 455.71 379.15 405.58 366.57 401.15 384.23
00552 0.874135 462.19 349.03 464.48 330.10 412.88 323.87 410.59 342.80
00553 0.913582 322.85 193.94 335.99 193.57 334.72 149.36 321.59 149.73
00553 0.908004 500.45 309.53 501.25 291.54 450.96 289.31 450.16 307.30
00553 0.893078 578.55 341.38 584.67 323.58 536.16 306.92 530.05 324.72
00553 0.892694 466.95 400.19 470.02 382.31 417.95 373.38 414.89 391.26
00553 0.889976 480.66 386.50 483.48 367.95 431.36 360.02 428.53 378.57
00553 0.887825 469.97 435.48 474.95 418.30 422.97 403.23 417.99 420.42
00553 0.877825 493.47 357.38 496.19 338.23 444.24 330.84 441.51 350.00
00553 0.868477 492.64 372.90 495.06 354.03 443.70 347.46 441.29 366.33
00554 0.901680 366.88 197.29 380.29 199.02 386.06 154.41 372.65 152.68
00554 0.897197 545.05 455.00 546.80 435.86 492.38 430.89 490.63 450.03
00554 0.877720 629.31 493.64 636.96 474.70 584.17 453.39 576.53 472.33
00554 0.865905 535.77 509.12 539.70 489.64 483.76 478.35 479.82 497.82
00554 0.765164 527.43 521.03 530.22 505.62 482.36 496.94 479.56 512.35
00555 0.896289 406.12 213.74 419.21 215.84 426.54 170.14 413.45 168.04
00556 0.785535 435.90 233.59 449.43 236.56 459.24 191.80 445.72 188.83
00557 0.854449 488.21 267.07 501.11 270.35 512.78 224.46 499.88 221.17
00558 0.855225 545.10 309.40 558.75 313.55 573.14 266.22 559.49 262.07
00559 0.771907 579.11 346.43 592.22 350.76 607.89 303.30 594.78 298.97
00582 0.431985 410.92 149.60 422.26 146.55 415.18 120.21 403.85 123.25
00584 0.927057 351.94 168.29 351.27 151.25 303.03 153.15 303.70 170.20
00584 0.917291 359.01 105.99 357.52 90.61 312.63 94.96 314.12 110.33
00584 0.901045 435.76 104.38 437.87 88.18 392.75 82.31 390.64 98.50
00584 0.901037 357.11 195.21 358.02 177.43 311.87 175.06 310.96 192.85
00584 0.897035 365.38 129.99 364.63 114.13 320.58 116.23 321.33 132.10
00584 0.893322 363.70 92.83 362.19 77.66 318.56 82.01 320.07 97.17
00584 0.878842 367.06 142.35 366.40 126.42 320.13 128.34 320.79 144.26
00584 0.865659 360.51 155.76 360.02 139.62 311.97 141.08 312.46 157.22
00585 0.915385 342.64 217.70 342.15 200.76 294.66 202.13 295.15 219.07
00585 0.912728 369.03 199.75 367.15 182.81 319.96 188.06 321.84 204.99
00585 0.900700 363.80 315.93 364.95 297.71 315.20 294.57 314.05 312.78
00585 0.892651 356.52 285.11 355.69 267.70 305.65 270.07 306.48 287.49
00585 0.891502 365.73 270.88 365.23 253.16 316.23 254.56 316.74 272.29
00585 0.891006 371.02 241.73 370.00 224.20 322.12 226.97 323.13 244.49
00585 0.881122 446.67 212.54 449.05 194.56 401.71 188.28 399.33 206.26
00585 0.864075 372.82 256.63 371.91 238.81 322.39 241.35 323.30 259.17
00585 0.378215 389.05 236.42 404.47 239.70 412.38 202.51 396.96 199.23
00586 0.910940 363.75 350.14 362.80 332.69 310.71 335.54 311.66 352.99
00586 0.909540 376.15 259.78 373.66 242.07 325.92 248.78 328.41 266.49
00586 0.900066 372.76 382.90 373.55 364.61 321.83 362.38 321.04 380.66
00586 0.895024 279.61 272.03 286.40 256.35 241.10 236.73 234.31 252.42
00586 0.890348 379.34 304.71 378.45 286.36 328.31 288.79 329.20 307.13
00586 0.888531 456.70 270.69 458.47 252.24 408.95 247.47 407.17 265.92
00586 0.884311 381.27 320.04 380.44 301.63 331.39 303.85 332.22 322.26
00586 0.884041 373.34 335.00 372.63 316.73 323.09 318.65 323.80 336.92
00587 0.908296 192.78 91.70 190.22 59.84 82.18 68.53 84.74 100.39
00587 0.891620 205.04 54.23 202.23 20.16 90.52 29.38 93.33 63.45
00587 0.884079 206.10 199.04 201.87 167.73 91.40 182.66 95.63 213.96
00587 0.868095 428.39 189.87 427.08 161.60 318.85 166.62 320.17 194.90
00587 0.826312 201.41 16.35 200.26 -5.47 91.44 0.26 92.59 22.08
00588 0.901962 191.43 363.80 189.33 336.48 104.33 343.00 106.42 370.32
00588 0.891708 205.56 292.32 193.86 265.26 96.37 307.41 108.07 334.46
00588 0.886185 207.18 438.43 203.36 408.21 97.16 421.63 100.98 451.84
00588 0.812171 226.21 509.96 224.64 488.89 118.84 496.77 120.41 517.83
00588 0.775067 451.27 495.75 479.74 485.64 441.58 378.21 413.11 388.33
00588 0.769107 614.03 326.58 642.83 315.65 603.24 211.34 574.44 222.27
00589 0.901312 288.05 487.46 273.47 461.04 187.22 508.63 201.80 535.06
00589 0.876126 232.68 353.52 213.77 333.36 140.18 402.39 159.09 422.55
00589 0.875480 245.37 423.16 234.44 399.73 156.31 436.19 167.24 459.61
00589 0.840707 628.61 240.27 652.02 219.76 579.74 137.29 556.33 157.80
00589 0.833710 537.45 458.30 560.01 439.51 487.48 352.40 464.92 371.18
00590 0.887585 237.91 479.15 256.73 497.59 315.34 437.75 296.51 419.31
00590 0.885829 313.58 508.29 336.86 529.16 378.63 482.56 355.35 461.69
00590 0.877236 208.22 458.62 233.47 470.79 279.10 376.14 253.86 363.96
00590 0.834849 603.99 370.01 617.56 344.82 518.93 291.69 505.36 316.88
00590 0.714755 610.76 134.12 623.82 109.39 526.00 57.71 512.94 82.44
00591 0.918467 289.19 485.41 316.77 487.34 324.25 380.19 296.68 378.27
00591 0.915262 397.34 510.41 426.48 521.22 454.95 444.47 425.81 433.66
00591 0.910081 482.13 509.10 511.71 520.49 535.06 459.87 505.48 448.47
00591 0.890473 321.74 492.38 346.11 503.15 379.19 428.32 354.83 417.55
00591 0.862403 549.54 39.39 553.59 9.10 444.39 -5.51 440.34 24.78
00591 0.842669 634.42 266.38 639.46 236.16 529.51 217.80 524.46 248.01
00592 0.909091 353.74 486.43 381.76 481.48 362.77 373.94 334.75 378.89
00592 0.905774 465.35 506.76 494.98 509.06 503.29 402.01 473.66 399.71
00592 0.902996 546.14 501.19 576.24 503.29 583.95 392.80 553.85 390.70
00592 0.901777 390.31 482.90 416.93 485.95 426.29 404.28 399.66 401.23
00592 0.849617 645.89 172.02 640.79 140.70 520.96 160.20 526.06 191.53
00593 0.941189 509.83 514.40 544.69 510.76 537.72 444.15 502.86 447.80
00593 0.927126 589.40 512.46 621.90 510.48 616.79 426.65 584.29 428.64
00593 0.892300 388.96 520.97 416.16 510.98 391.30 443.36 364.11 453.35
00593 0.891242 435.57 512.87 465.43 511.23 462.59 459.26 432.73 460.89
00593 0.873763 645.10 194.06 635.19 167.59 566.92 193.13 576.82 219.60
00593 0.666913 442.61 38.45 433.67 11.26 327.22 46.25 336.16 73.44
00594 0.912083 601.74 522.35 632.34 509.58 594.58 419.05 563.97 431.82
00594 0.885129 518.29 521.49 548.43 510.20 526.90 452.76 496.77 464.05
00594 0.847880 469.59 529.48 492.19 509.97 452.32 463.80 429.73 483.30
00594 0.703690 655.91 105.54 636.68 83.96 564.77 148.06 583.99 169.63
00594 0.392454 630.36 406.86 640.01 406.67 639.56 382.34 629.90 382.52
00595 0.906659 622.61 525.76 646.48 506.22 584.63 430.68 560.77 450.22
00595 0.874732 577.88 537.39 593.93 509.23 517.16 465.48 501.11 493.64
00595 0.862428 539.65 89.32 564.37 104.13 621.69 8.50 596.97 -6.32
00595 0.699540 635.52 430.81 662.82 406.05 633.58 373.81 606.28 398.56
00596 0.890309 637.24 489.58 643.03 459.89 573.06 446.26 567.28 475.95
00596 0.661159 483.07 44.92 511.79 50.84 521.92 1.73 493.19 -4.19
00596 0.420323 615.23 427.21 643.72 436.65 654.66 403.61 626.17 394.17
00597 0.776671 449.67 13.93 449.06 -1.23 418.57 -0.01 419.18 15.15
00597 0.522700 621.97 467.19 641.34 465.76 638.89 432.59 619.52 434.03
00597 0.433264 222.95 375.00 253.56 373.61 248.54 262.40 217.93 263.79
00597 0.349805 603.90 5.85 604.10 0.20 574.01 -0.84 573.81 4.81
00598 0.902779 199.81 188.39 196.82 157.27 85.41 167.97 88.40 199.09
00598 0.895051 385.73 95.12 385.50 64.67 302.51 65.31 302.75 95.77
00598 0.891953 199.19 149.93 196.17 118.08 85.25 128.59 88.27 160.45
00598 0.886297 201.79 379.39 198.44 350.64 91.36 363.12 94.71 391.87
00598 0.879169 196.72 35.95 192.52 2.25 83.67 15.78 87.86 49.49
00598 0.878049 200.98 228.27 198.00 198.05 87.70 208.92 90.68 239.14
00598 0.877915 393.76 131.86 393.20 102.81 310.03 104.42 310.59 133.47
00598 0.875828 189.02 267.25 186.80 238.95 77.80 247.51 80.02 275.81
00598 0.868637 427.57 370.82 426.14 342.14 316.23 347.61 317.66 376.29
00599 0.766878 255.74 457.39 284.73 449.18 254.92 343.92 225.93 352.13
00600 0.670540 329.58 11.82 326.15 -4.93 298.17 0.80 301.60 17.54
00601 0.862378 288.34 33.58 317.04 29.04 311.99 -2.90 283.29 1.64
00601 0.701367 538.99 10.76 538.57 -2.97 457.47 -0.49 457.89 13.23
00602 0.902186 533.72 53.23 533.19 25.00 453.31 26.52 453.85 54.75
00602 0.896600 540.28 91.87 539.88 63.76 458.90 64.93 459.31 93.04
00602 0.588627 283.10 54.26 311.01 49.92 302.94 -1.93 275.03 2.41
00603 0.887260 542.19 175.41 541.70 149.90 462.69 151.41 463.18 176.93
00603 0.865089 536.77 136.68 536.04 110.51 454.11 112.80 454.84 138.97
00603 0.371617 277.72 74.30 303.65 71.90 296.87 -1.45 270.93 0.95
00604 0.879037 538.33 228.46 537.72 204.04 458.89 206.01 459.50 230.42
00604 0.878867 543.12 267.74 542.58 242.80 463.64 244.50 464.17 269.44
00605 0.888303 268.79 131.77 297.65 130.45 292.49 17.42 263.63 18.74
00605 0.882452 544.81 358.28 543.60 333.75 466.29 337.55 467.50 362.09
00605 0.882237 540.12 320.97 539.48 296.12 461.49 298.13 462.14 322.98
00605 0.877432 543.23 79.56 542.14 49.97 433.85 53.95 434.93 83.54
00606 0.850434 544.33 262.55 543.27 234.35 438.37 238.28 439.43 266.48
00606 0.839793 543.20 506.72 541.86 477.58 460.96 481.29 462.29 510.43
00606 0.563735 270.35 191.80 297.17 192.88 301.52 84.86 274.70 83.78
00607 0.860887 542.64 314.95 541.39 286.92 438.31 291.51 439.55 319.54
00607 0.821805 274.12 191.51 301.42 193.90 311.15 82.88 283.85 80.49
00608 0.855040 281.80 150.75 308.31 153.72 320.38 45.86 293.87 42.90
00608 0.854059 546.02 330.60 544.84 304.15 439.92 308.86 441.11 335.31
00609 0.900795 391.34 252.31 390.56 225.46 309.70 227.79 310.47 254.64
00609 0.888312 384.63 214.02 384.16 186.11 303.73 187.46 304.20 215.37
00609 0.883863 198.75 353.39 195.99 322.67 84.57 332.67 87.33 363.39
00609 0.878873 194.45 311.12 191.60 280.21 83.51 290.17 86.36 321.08
00609 0.877255 424.64 494.62 423.47 465.34 315.89 469.64 317.06 498.92
00609 0.876251 197.00 273.84 194.26 242.58 84.52 252.20 87.26 283.46
00609 0.874981 194.65 156.30 190.81 124.89 80.74 138.33 84.58 169.74
00609 0.870585 188.46 390.87 185.47 361.61 73.70 373.05 76.70 402.31
00609 0.861426 200.25 505.73 195.67 472.62 87.27 487.61 91.86 520.73
00609 0.701324 194.78 8.90 193.68 -8.60 79.18 -1.38 80.28 16.12
00610 0.881732 546.93 439.10 546.00 411.28 439.31 414.81 440.24 442.64
00610 0.805264 307.52 97.57 334.46 101.69 349.98 0.11 323.05 -4.01
00611 0.857862 313.72 124.36 341.81 129.00 360.08 18.54 331.99 13.89
00611 0.816576 550.28 511.83 548.86 483.15 437.29 488.68 438.71 517.35
00612 0.849213 317.91 117.62 348.53 122.96 367.45 14.54 336.82 9.19
00613 0.869780 330.21 140.34 359.45 145.99 380.39 37.62 351.15 31.97
00614 0.899518 341.58 239.63 369.25 245.63 392.29 139.33 364.62 133.34
00615 0.877156 360.11 303.31 388.67 309.15 410.42 202.68 381.86 196.84
00616 0.891670 372.51 256.21 401.32 262.54 424.78 155.83 395.97 149.50
00617 0.820448 387.71 188.96 415.65 194.36 436.78 84.93 408.84 79.54
00618 0.865012 401.90 112.68 429.05 118.61 452.77 9.95 425.62 4.03
00619 0.710776 415.42 41.76 444.20 48.70 455.38 2.29 426.59 -4.64
00620 0.899218 195.71 403.96 192.96 372.48 82.07 382.17 84.82 413.65
00620 0.891961 388.82 381.21 387.66 355.15 308.83 358.65 309.98 384.70
00620 0.891222 196.07 443.70 193.50 411.65 82.18 420.57 84.75 452.62
00620 0.884330 195.58 486.63 192.57 452.40 81.52 462.16 84.53 496.39
00620 0.880189 190.59 285.55 187.22 255.91 79.82 268.12 83.19 297.76
00620 0.876435 382.79 342.88 382.26 316.61 302.58 318.21 303.11 344.48
00620 0.871877 186.86 134.22 184.15 102.30 72.56 111.79 75.27 143.70
00620 0.869780 186.05 23.28 183.59 -7.52 70.77 1.52 73.24 32.32
00620 0.713343 180.77 511.62 180.00 495.05 73.83 500.01 74.60 516.59
00631 0.903850 193.85 469.10 190.90 437.69 81.95 447.92 84.90 479.33
00631 0.894557 381.97 410.34 381.07 382.61 300.86 385.22 301.76 412.95
00631 0.876312 386.85 447.21 385.94 421.68 309.60 424.40 310.51 449.92
00631 0.871613 181.68 85.64 178.93 54.65 71.71 64.15 74.46 95.14
00631 0.870680 190.18 350.81 186.79 321.98 77.70 334.79 81.08 363.61
00631 0.865451 182.32 198.14 179.99 168.69 73.04 177.17 75.38 206.62
00631 0.864684 192.38 509.24 190.17 478.98 83.23 486.79 85.44 517.05
00631 0.757867 159.56 12.68 157.70 -8.98 49.33 0.31 51.18 21.97
00635 0.925042 566.32 80.93 596.33 78.66 590.21 -2.01 560.20 0.27
00635 0.914404 564.93 299.89 593.02 299.71 592.34 194.98 564.25 195.16
00636 0.925442 502.98 86.10 533.67 84.22 528.45 -0.86 497.75 1.02
00636 0.910875 502.56 305.35 530.91 304.99 529.57 198.62 501.21 198.98
00636 0.908806 612.14 83.34 642.54 82.55 640.42 0.92 610.02 1.71
00637 0.918938 489.05 152.50 519.88 150.47 512.62 40.19 481.80 42.22
00637 0.908579 598.54 150.96 632.03 149.90 628.45 37.32 594.96 38.38
00637 0.905968 487.93 374.23 516.59 373.89 515.32 267.06 486.66 267.40
00637 0.420028 635.55 163.99 639.52 163.97 639.27 130.23 635.31 130.26
00638 0.905511 375.76 476.64 375.76 447.75 294.97 447.76 294.98 476.65
00638 0.877599 183.88 146.72 181.80 116.62 73.63 124.09 75.71 154.18
00638 0.877287 185.46 413.19 182.67 382.64 72.10 392.74 74.89 423.29
00638 0.877064 164.60 69.28 162.63 37.49 52.21 44.33 54.18 76.12
00638 0.858056 382.76 512.35 382.49 488.49 303.43 489.38 303.69 513.23
00638 0.857040 182.98 260.30 181.54 230.91 71.75 236.31 73.20 265.69
00638 0.583702 182.95 510.32 182.42 499.56 70.34 505.04 70.87 515.81
00638 0.494536 405.79 134.50 431.94 126.31 398.17 18.47 372.02 26.66
00639 0.907378 179.01 85.11 180.79 56.77 94.88 51.38 93.10 79.72
00639 0.897356 205.47 21.43 197.08 -11.83 93.38 14.35 101.77 47.61
00639 0.893215 182.78 159.79 183.94 129.56 74.66 125.36 73.50 155.58
00639 0.890798 192.83 239.43 193.67 209.64 86.33 206.59 85.48 236.38
00639 0.889860 601.06 113.32 632.55 106.09 607.87 -1.48 576.38 5.74
00639 0.887666 178.28 353.92 179.94 325.08 70.69 318.78 69.03 347.62
00639 0.884436 161.96 509.41 163.23 477.02 53.88 472.73 52.61 505.12
00639 0.639395 413.79 256.54 441.51 252.54 425.56 141.99 397.85 145.99
00640 0.902136 205.78 70.40 197.46 39.32 92.04 67.54 100.36 98.62
00640 0.897394 180.02 137.62 182.33 109.52 93.65 102.22 91.34 130.32
00640 0.887845 181.86 211.21 182.78 182.60 74.75 179.12 73.83 207.73
00640 0.883145 179.26 407.06 181.19 379.29 70.08 371.56 68.14 399.33
00640 0.878315 192.96 292.07 194.08 264.51 86.57 260.12 85.45 287.67
00640 0.798791 601.81 165.59 631.35 158.64 606.21 51.79 576.67 58.75
00640 0.734861 412.56 307.99 441.63 303.42 424.40 193.85 395.33 198.42
00641 0.898159 180.72 515.15 182.79 482.78 71.66 475.66 69.59 508.03
00641 0.895260 179.22 239.88 181.01 213.85 95.36 207.96 93.57 233.99
00641 0.890754 193.40 397.39 194.38 367.44 87.15 363.95 86.17 393.90
00641 0.886892 204.55 172.80 196.56 143.47 93.25 171.59 101.23 200.92
00641 0.883275 182.85 316.94 183.85 286.86 75.07 283.22 74.06 313.31
00641 0.825656 602.70 266.60 632.70 259.59 607.96 153.67 577.96 160.68
00641 0.797932 414.79 409.56 442.47 405.14 425.36 297.92 397.67 302.34
00641 0.434618 1.23 59.30 12.67 58.68 9.79 5.43 -1.65 6.04
00662 0.327779 587.87 355.61 609.75 358.88 617.68 305.81 595.80 302.54
00729 0.450194 609.11 43.81 632.76 49.55 644.33 1.86 620.69 -3.88
00730 0.906656 569.61 60.74 592.69 62.52 597.40 1.43 574.32 -0.36
00730 0.899553 539.30 73.83 562.55 75.86 569.09 0.91 545.85 -1.12
00730 0.896091 503.81 53.16 528.60 58.55 541.07 1.22 516.27 -4.17
00730 0.871726 471.64 51.32 494.17 57.07 508.45 1.09 485.92 -4.65
00730 0.790650 608.65 66.48 631.79 65.84 629.99 0.09 606.84 0.73
00731 0.907621 548.87 76.03 572.06 75.82 571.38 3.28 548.19 3.49
00731 0.899454 444.74 62.12 468.80 67.08 482.37 1.31 458.31 -3.66
00731 0.896698 510.38 71.80 532.41 72.92 536.15 -0.55 514.12 -1.67
00731 0.891005 412.24 60.33 434.02 65.79 450.11 1.64 428.33 -3.83
00731 0.886806 477.74 83.69 501.35 86.36 510.60 4.45 486.99 1.78
00732 0.909308 456.84 169.01 479.56 170.57 484.77 94.84 462.06 93.28
00732 0.899973 496.41 175.14 519.08 174.94 518.44 99.89 495.77 100.09
00732 0.880213 393.29 160.14 416.67 164.39 433.32 72.83 409.94 68.58
00732 0.855924 426.70 182.85 450.35 184.90 458.78 88.04 435.13 85.99
00732 0.846002 360.84 160.14 384.24 165.46 405.57 71.50 382.17 66.19
00733 0.913107 459.77 318.43 482.34 319.99 487.56 244.46 464.99 242.90
00733 0.896880 499.35 324.77 520.89 324.37 519.49 249.71 497.95 250.12
00733 0.884986 396.26 311.63 420.38 315.75 435.34 228.09 411.22 223.98
00733 0.867184 428.05 334.27 451.67 336.36 460.46 237.13 436.83 235.04
00733 0.841696 283.77 111.58 308.60 120.77 341.61 31.55 316.77 22.37
00733 0.830688 362.30 309.27 384.93 314.75 408.58 217.13 385.94 211.65
00733 0.808002 308.22 121.37 334.13 131.29 368.22 42.31 342.32 32.39
00734 0.918591 485.78 365.00 508.95 364.84 508.45 289.85 485.29 290.00
00734 0.894869 448.03 360.22 470.26 361.56 474.78 286.80 452.55 285.45
00734 0.892361 416.84 372.52 440.58 374.59 448.99 278.42 425.25 276.35
00734 0.890113 381.84 353.73 406.94 358.73 425.43 265.96 400.33 260.96
00734 0.886105 294.90 162.38 320.42 173.04 357.99 83.12 332.47 72.46
00734 0.859879 349.31 351.66 374.09 357.74 397.67 261.70 372.89 255.62
00734 0.846518 272.13 153.45 296.60 162.46 329.00 74.39 304.54 65.38
00734 0.730314 304.82 228.80 331.82 238.44 364.07 148.16 337.07 138.51
00735 0.911241 361.21 433.05 384.60 434.96 390.89 357.99 367.49 356.08
00735 0.881693 298.14 423.20 321.68 427.51 338.32 336.54 314.77 332.24
00735 0.876021 184.99 225.47 210.00 235.11 243.54 148.14 218.53 138.49
00735 0.857271 331.08 443.96 355.27 446.06 363.76 347.97 339.57 345.88
00735 0.850225 209.89 235.08 236.52 245.45 270.29 158.69 243.66 148.32
00735 0.843024 264.43 422.91 287.69 428.45 310.65 332.01 287.39 326.47
00735 0.837629 401.42 438.20 424.74 437.95 423.92 363.83 400.60 364.09
00735 0.706778 220.00 303.84 247.20 313.03 278.81 219.45 251.61 210.27
00736 0.315234 541.30 10.39 561.72 21.44 573.57 -0.47 553.16 -11.52
00737 0.898310 364.62 510.25 388.72 511.72 393.37 435.33 369.26 433.87
00737 0.870988 213.29 314.88 238.83 325.08 274.06 236.85 248.51 226.65
00737 0.867916 188.02 306.52 213.50 316.76 249.28 227.71 223.80 217.48
00737 0.861548 300.92 508.58 325.54 512.82 341.75 418.63 317.14 414.39
00737 0.846773 405.68 511.97 429.74 511.33 427.85 440.31 403.79 440.95
00737 0.793155 266.81 506.68 291.43 512.57 315.96 409.89 291.34 404.01
00737 0.775890 336.02 509.53 360.60 511.70 368.03 427.54 343.45 425.37
00737 0.662330 225.19 379.57 250.12 388.01 279.94 299.92 255.01 291.48
00738 0.733452 194.55 414.45 219.21 422.91 250.49 331.63 225.82 323.18
00738 0.436326 218.03 422.68 242.87 432.10 277.64 340.40 252.79 330.98
00739 0.906805 205.99 509.84 229.65 517.83 254.04 445.54 230.38 437.55
00739 0.905458 232.67 509.47 255.68 518.92 280.23 459.17 257.22 449.72
00783 0.320566 -0.18 427.96 16.82 428.65 17.82 404.16 0.81 403.47
00897 0.569688 592.23 223.45 599.99 222.31 596.37 197.69 588.61 198.83
00898 0.433187 607.92 424.46 616.01 423.16 611.76 396.76 603.67 398.06
00899 0.787499 468.41 287.65 477.93 287.06 476.31 260.76 466.78 261.35
00899 0.760992 390.88 233.95 399.65 233.92 399.58 208.28 390.81 208.31
00899 0.721677 455.15 237.57 463.43 237.19 462.33 213.11 454.05 213.49
00899 0.541844 435.20 289.80 443.73 289.76 443.61 264.61 435.08 264.65
00899 0.541289 489.73 286.63 498.48 285.42 495.01 260.24 486.26 261.44
00899 0.503699 401.62 234.13 410.42 234.07 410.25 209.52 401.46 209.58
00899 0.502537 465.51 234.80 473.73 234.22 472.09 210.89 463.88 211.47
00899 0.474324 408.27 370.55 418.00 369.32 414.83 344.20 405.09 345.43
00899 0.469052 421.97 233.52 431.11 233.54 431.16 210.50 422.02 210.47
00899 0.438251 456.39 289.21 465.51 288.97 464.85 263.31 455.72 263.55
00899 0.417990 433.38 287.38 434.06 261.64 425.42 261.41 424.74 287.15
00899 0.344734 422.16 258.20 431.19 257.97 430.60 234.91 421.57 235.14
00918 0.323856 442.83 471.34 453.34 477.27 473.84 440.97 463.33 435.04
00920 0.582904 350.83 495.81 358.90 494.94 356.41 471.89 348.34 472.76
00930 0.654041 536.43 96.27 543.86 95.63 541.03 62.58 533.59 63.22
00931 0.403173 543.77 384.41 554.71 383.02 549.11 338.96 538.17 340.35
00939 0.900219 475.59 199.95 473.14 188.38 440.44 195.31 442.90 206.87
00940 0.877548 108.15 296.38 103.73 285.07 70.01 298.26 74.44 309.57
00940 0.871840 629.94 112.88 626.59 102.63 597.98 111.97 601.33 122.23
00941 0.863464 315.05 252.63 313.69 241.82 280.60 245.97 281.96 256.78
00949 0.874553 55.41 12.75 53.51 1.46 23.38 6.52 25.28 17.82
01022 0.867754 344.47 83.14 367.72 84.45 372.14 6.27 348.89 4.95
01023 0.891938 336.64 334.58 361.49 336.27 367.67 245.36 342.83 243.67
01038 0.904849 159.48 148.25 183.84 147.21 180.41 66.39 156.05 67.42
01040 0.893982 140.50 328.44 167.66 328.12 166.58 236.20 139.41 236.52
01041 0.876832 129.38 423.60 157.39 422.24 152.66 324.40 124.65 325.75
01042 0.867087 164.22 511.63 194.94 510.64 191.64 408.73 160.92 409.72
01067 0.898926 263.64 132.95 288.23 133.12 288.84 46.14 264.25 45.96
01068 0.877030 258.02 460.40 284.95 459.90 283.03 355.80 256.11 356.30
01081 0.335550 47.44 429.70 69.09 444.80 110.43 385.55 88.79 370.45
01250 0.477259 117.73 214.02 123.71 215.94 127.47 204.23 121.49 202.31
01313 0.673235 239.11 25.36 253.81 25.89 254.74 0.36 240.04 -0.18
01313 0.325945 260.32 24.37 273.40 24.52 273.67 0.87 260.58 0.73
01314 0.796573 270.14 89.40 286.24 89.41 286.26 49.12 270.15 49.12
01314 0.765523 249.97 90.13 267.19 89.99 266.86 49.68 249.65 49.82
01315 0.845178 271.11 118.78 289.86 120.17 293.09 76.62 274.34 75.23
01315 0.806753 293.37 119.89 311.34 121.28 314.61 78.93 296.64 77.54
01316 0.755278 331.57 145.81 349.93 149.83 359.75 104.96 341.39 100.94
01316 0.621696 310.40 139.95 329.53 144.64 340.62 99.44 321.49 94.75
01317 0.820128 341.15 170.40 358.12 179.90 381.98 137.30 365.01 127.80
01317 0.668137 363.63 179.09 379.86 187.70 402.36 145.30 386.13 136.70
01318 0.547576 444.73 197.45 431.80 184.31 394.80 220.71 407.73 233.85
01318 0.545528 426.47 184.20 413.03 170.46 375.14 207.51 388.58 221.25
01319 0.438097 460.61 231.52 450.02 213.40 403.55 240.55 414.14 258.67
01320 0.528270 492.98 285.92 485.23 266.18 432.63 286.83 440.38 306.57
01321 0.526695 490.16 307.16 483.98 285.46 428.86 301.18 435.04 322.87
01322 0.405004 479.04 331.28 476.59 307.31 416.10 313.50 418.55 337.47
01323 0.308496 447.82 347.18 447.62 325.92 387.24 326.49 387.44 347.75
01413 0.597569 294.52 105.52 308.34 104.00 303.74 62.17 289.93 63.68
01413 0.368860 310.51 98.07 323.57 96.76 319.40 55.34 306.33 56.66
01413 0.342642 277.08 113.36 291.21 110.39 282.26 67.69 268.12 70.65
