00010 0.385889 607.34 410.84 630.26 408.50 624.94 356.34 602.02 358.68
00201 0.688594 569.74 78.18 555.78 55.92 478.35 104.47 492.31 126.73
00208 0.496916 502.05 526.39 520.87 510.77 472.06 451.95 453.24 467.57
00209 0.586698 496.54 525.00 514.86 509.72 464.82 449.75 446.51 465.03
00267 0.351307 186.74 234.12 229.22 218.21 201.74 144.89 159.27 160.80
00302 0.412737 561.14 40.34 561.03 20.78 487.32 21.20 487.44 40.77
00303 0.414131 575.80 198.05 575.13 169.62 477.93 171.89 478.59 200.31
00397 0.769140 272.35 510.78 301.38 512.18 303.92 459.69 274.88 458.29
00399 0.808265 420.77 38.38 440.38 38.80 441.21 -0.38 421.61 -0.80
00400 0.829420 399.55 66.72 419.40 66.96 420.17 3.86 400.32 3.62
00401 0.833536 400.09 98.31 420.00 99.04 422.33 35.92 402.42 35.18
00402 0.843700 403.94 145.10 424.31 145.31 424.99 77.12 404.62 76.91
00403 0.872141 406.15 204.75 428.15 204.75 428.17 127.25 406.17 127.25
00403 0.769321 397.85 45.55 418.17 40.35 406.50 -5.28 386.17 -0.08
00404 0.830901 409.46 273.28 432.59 273.45 433.18 189.24 410.04 189.08
00404 0.782562 400.47 90.73 420.06 85.76 400.89 10.31 381.31 15.28
00405 0.868506 418.93 468.33 448.76 467.88 447.02 353.13 417.19 353.58
00405 0.829377 406.90 204.37 428.79 199.82 413.79 127.68 391.90 132.24
00405 0.742355 315.27 36.16 334.07 28.62 320.02 -6.45 301.21 1.08
00406 0.847730 411.02 291.23 436.24 286.08 417.20 192.81 391.99 197.96
00406 0.826207 429.19 513.11 454.32 512.65 453.43 464.66 428.31 465.13
00406 0.773974 311.51 86.36 331.95 80.60 314.33 18.06 293.88 23.82
00407 0.827343 419.38 382.59 444.83 377.58 425.19 277.83 399.74 282.84
00407 0.772966 309.90 148.46 332.39 142.73 314.83 73.93 292.35 79.66
00408 0.812398 416.74 518.35 445.22 512.64 421.38 393.78 392.90 399.49
00408 0.774326 299.92 236.16 324.88 228.74 300.77 147.69 275.80 155.11
00410 0.863588 453.04 514.79 483.60 511.13 472.17 415.73 441.61 419.39
00410 0.782558 351.86 240.33 377.57 233.25 354.51 149.53 328.80 156.62
00411 0.892694 505.72 514.48 537.68 512.06 532.40 442.35 500.44 444.77
00411 0.855801 401.38 255.37 428.31 249.28 409.36 165.45 382.42 171.54
00412 0.775924 449.54 285.73 477.00 277.11 447.43 182.87 419.97 191.49
00412 0.693469 572.14 515.03 591.46 510.53 583.72 477.33 564.40 481.83
00413 0.664003 493.15 318.24 521.48 310.08 492.57 209.70 464.24 217.86
00414 0.623942 524.35 363.99 553.97 352.50 511.94 244.16 482.33 255.65
00415 0.348181 608.71 421.28 634.66 407.89 579.84 301.64 553.89 315.04
00422 0.788425 231.30 37.97 245.45 24.91 210.41 -13.04 196.27 0.02
00423 0.492549 181.07 40.33 195.85 27.75 161.03 -13.17 146.25 -0.59
00426 0.389829 81.33 20.98 93.13 7.95 70.38 -12.67 58.58 0.36
00427 0.351962 150.49 41.74 166.95 25.06 129.36 -12.03 112.90 4.65
00474 0.819903 247.68 68.69 261.54 65.23 253.76 34.04 239.89 37.50
00485 0.803425 246.17 112.42 259.20 109.48 252.07 77.88 239.03 80.83
00496 0.815841 242.51 164.46 257.74 161.48 250.73 125.53 235.49 128.51
00507 0.881983 238.59 212.61 255.23 209.61 247.79 168.33 231.15 171.33
00507 0.327665 391.15 403.84 417.95 401.46 407.07 279.11 380.26 281.49
00518 0.870278 245.32 262.02 263.17 257.74 252.42 212.88 234.56 217.16
00528 0.330321 406.13 161.76 395.73 140.71 344.00 166.28 354.40 187.33
00529 0.816057 242.97 348.51 263.00 343.40 250.65 294.93 230.62 300.03
00529 0.632199 390.80 417.89 422.04 411.40 392.84 270.82 361.60 277.31
00540 0.889662 137.10 517.28 159.28 509.65 137.94 447.63 115.76 455.26
00544 0.814493 458.12 109.82 472.99 113.20 480.73 79.10 465.86 75.72
00545 0.344377 436.73 164.68 451.08 166.99 456.66 132.32 442.31 130.01
00546 0.820041 422.39 230.58 439.01 233.01 445.34 189.69 428.72 187.26
00547 0.854032 402.06 309.18 420.25 311.04 425.62 258.62 407.43 256.75
00548 0.834949 405.71 402.66 425.13 404.31 430.13 345.38 410.71 343.73
00549 0.865076 412.27 511.23 436.72 512.30 439.25 454.50 414.80 453.42
00551 0.391623 451.86 8.41 450.69 -4.29 398.19 0.55 399.36 13.25
00552 0.927010 469.56 421.57 473.58 403.80 411.92 389.87 407.90 407.64
00553 0.861340 487.79 461.16 492.11 443.69 426.00 427.33 421.68 444.80
00562 0.595491 478.24 80.78 477.51 69.53 439.64 72.00 440.38 83.26
00562 0.455286 453.08 71.73 451.90 59.63 405.76 64.13 406.94 76.22
00573 0.451518 491.79 177.54 490.98 165.77 451.21 168.50 452.02 180.27
00584 0.830913 375.41 211.73 376.03 196.22 321.16 194.03 320.54 209.54
00585 0.836767 384.70 335.56 385.61 316.05 322.83 313.12 321.92 332.64
00586 0.928664 394.80 402.76 395.29 385.72 332.28 383.91 331.80 400.95
00682 0.810187 601.83 243.92 627.02 247.01 640.51 137.18 615.32 134.08
00683 0.820417 535.84 247.10 558.60 249.98 572.66 138.83 549.89 135.95
00683 0.522371 506.56 510.50 523.58 520.30 545.45 482.32 528.43 472.52
00684 0.839818 351.87 258.52 376.27 260.65 385.89 150.14 361.49 148.02
00685 0.833518 274.02 306.73 297.39 308.81 307.28 197.52 283.91 195.44
00686 0.801829 259.95 182.67 283.07 184.89 293.92 71.63 270.81 69.41
00686 0.477886 257.39 513.22 277.59 515.10 285.38 431.77 265.18 429.88
00686 0.438250 192.50 501.80 214.27 515.98 270.10 430.27 248.33 416.08
00687 0.825356 254.13 376.80 277.44 378.56 284.73 282.20 261.42 280.43
00687 0.581466 193.59 350.83 214.68 363.87 272.02 271.17 250.93 258.12
00688 0.844889 255.90 290.42 279.19 291.97 285.85 192.42 262.56 190.86
00688 0.741259 191.77 261.62 213.94 275.82 273.28 183.13 251.11 168.93
00689 0.808483 191.68 75.90 213.16 88.98 265.05 3.72 243.57 -9.36
00689 0.748303 255.34 101.77 277.93 104.46 290.13 2.20 267.54 -0.50
00689 0.363948 191.43 21.19 210.22 35.93 236.19 2.84 217.41 -11.90
00725 0.832115 616.27 73.00 639.34 76.90 653.40 -6.43 630.33 -10.32
00725 0.788419 554.86 39.40 574.43 55.88 620.12 1.62 600.55 -14.85
00727 0.707864 638.61 175.73 644.00 150.79 596.58 140.54 591.19 165.48
00727 0.511767 638.45 204.19 646.56 181.83 615.20 170.46 607.09 192.82
00728 0.845612 565.71 201.05 572.52 174.22 459.69 145.58 452.88 172.41
00728 0.833905 573.50 252.19 585.25 224.33 477.42 178.86 465.68 206.72
00729 0.859016 440.29 261.11 451.97 234.52 343.01 186.68 331.33 213.27
00729 0.851100 614.68 477.09 631.42 453.67 541.65 389.52 524.91 412.95
00729 0.815145 556.18 276.74 576.98 286.71 621.64 193.53 600.84 183.57
00729 0.814048 432.02 208.23 438.47 181.78 322.16 153.43 315.71 179.88
00729 0.812015 487.61 258.23 512.00 275.56 576.78 184.44 552.40 167.11
00729 0.785576 593.08 306.42 617.93 319.69 663.55 234.23 638.70 220.96
00729 0.776716 524.70 278.89 546.09 290.18 602.09 184.16 580.69 172.86
00729 0.360644 640.38 173.77 651.22 150.82 599.93 126.60 589.09 149.54
00730 0.874090 476.66 481.98 493.52 457.36 407.67 398.56 390.81 423.18
00730 0.851077 528.35 353.19 555.88 367.70 618.96 248.08 591.44 233.56
00730 0.838224 303.05 264.82 313.84 237.40 205.77 194.87 194.98 222.29
00730 0.827506 456.68 314.82 480.72 327.23 536.67 218.86 512.62 206.45
00730 0.823902 353.36 261.79 377.60 278.74 440.36 188.99 416.12 172.04
00730 0.818403 293.57 215.62 300.21 186.74 183.07 159.81 176.43 188.68
00730 0.789283 386.98 286.70 408.83 298.53 468.82 187.64 446.97 175.82
00730 0.778107 419.56 284.07 440.59 293.77 484.22 199.15 463.20 189.45
00731 0.887458 413.46 490.49 430.48 465.90 347.23 408.26 330.21 432.84
00731 0.876439 244.02 276.10 255.41 247.89 146.27 203.82 134.88 232.03
00731 0.843843 359.20 295.99 378.95 305.69 426.80 208.26 407.05 198.56
00731 0.826792 470.85 366.29 495.97 379.31 558.23 259.18 533.11 246.16
00731 0.814054 293.83 275.27 316.37 291.02 382.26 196.73 359.73 180.98
00731 0.804672 232.69 225.42 240.22 196.54 124.75 166.44 117.22 195.31
00731 0.796952 397.33 326.76 421.38 338.90 477.51 227.71 453.46 215.56
00731 0.786543 327.77 296.17 349.45 307.35 404.92 199.78 383.24 188.60
00732 0.875980 190.39 377.28 202.86 346.24 91.91 301.64 79.43 332.67
00732 0.859847 179.28 327.99 187.67 297.30 68.61 264.75 60.22 295.44
00732 0.816046 346.57 424.24 368.40 436.07 425.76 330.21 403.93 318.38
00732 0.815020 245.18 374.59 266.96 388.67 325.02 298.93 303.25 284.84
00732 0.814704 420.07 467.11 444.82 479.66 505.36 360.22 480.60 347.67
00732 0.789648 308.77 392.78 330.56 402.84 372.20 312.68 350.41 302.62
00732 0.786348 272.23 391.08 293.52 404.03 352.53 307.02 331.25 294.07
00733 0.836003 183.74 476.37 192.20 444.22 72.18 412.63 63.72 444.78
00733 0.826568 190.76 523.58 202.80 492.52 97.95 451.84 85.90 482.90
00733 0.818678 326.62 510.15 346.63 520.24 377.78 458.48 357.76 448.39
00733 0.774670 254.60 510.55 277.63 524.80 323.66 450.44 300.63 436.19
00733 0.726734 384.21 513.06 404.26 522.15 424.44 477.65 404.39 468.56
00733 0.713169 295.75 511.64 317.01 523.07 355.61 451.32 334.35 439.88
00734 0.827266 171.16 515.44 178.95 482.82 57.26 453.75 49.47 486.36
00734 0.804890 264.22 511.53 284.06 527.14 312.40 491.10 292.55 475.50
00734 0.674181 302.89 510.84 321.25 522.34 339.76 492.77 321.40 481.28
00734 0.540796 331.18 510.50 349.37 523.80 365.96 501.11 347.77 487.81
00734 0.431952 132.31 512.97 132.78 494.98 79.83 493.62 79.37 511.61
00736 0.757085 538.80 60.91 560.90 76.07 611.94 1.64 589.85 -13.51
00736 0.752917 600.29 87.92 627.06 91.69 640.10 -0.99 613.34 -4.76
00736 0.542126 540.04 10.00 561.99 22.46 573.41 2.33 551.46 -10.12
00747 0.838193 596.31 287.56 620.63 289.88 630.16 190.13 605.84 187.80
00747 0.830906 535.56 267.56 558.58 281.68 624.54 174.23 601.52 160.10
00757 0.837749 591.90 429.30 618.41 432.60 630.91 332.03 604.40 328.74
00757 0.817743 604.22 82.63 627.35 85.07 636.54 -2.00 613.41 -4.44
00757 0.788770 535.40 408.89 557.99 422.59 622.75 315.84 600.16 302.13
00758 0.849152 602.19 166.46 626.95 169.65 641.28 58.31 616.52 55.12
00758 0.811052 594.69 507.68 619.07 510.58 630.27 416.57 605.89 413.67
00758 0.785168 535.10 487.82 558.34 504.07 622.25 412.64 599.01 396.39
00929 0.628882 525.53 298.13 530.03 286.35 495.85 273.28 491.34 285.05
00989 0.405517 125.48 506.71 155.59 523.76 188.49 465.65 158.38 448.60
00995 0.832168 439.15 103.43 451.94 72.33 342.93 27.52 330.14 58.62
00995 0.735661 103.50 369.25 130.12 358.61 89.30 256.45 62.68 267.08
01039 0.640326 639.46 271.51 664.59 247.01 606.46 187.36 581.32 211.86
01039 0.538391 235.82 454.71 264.35 454.29 262.62 337.44 234.09 337.86
