00010 0.392255 607.49 410.42 629.39 408.19 624.27 357.89 602.37 360.12
00032 0.530393 542.26 92.68 559.60 87.97 551.35 57.60 534.00 62.31
00033 0.376517 610.44 386.08 629.16 379.46 615.61 341.12 596.89 347.74
00045 0.411080 122.68 470.25 144.53 473.62 151.99 425.23 130.15 421.86
00107 0.457696 542.74 52.16 561.55 55.77 569.06 16.60 550.25 13.00
00192 0.757397 279.74 183.51 286.86 156.22 269.85 151.78 262.73 179.08
00192 0.343661 247.49 142.83 261.18 148.65 271.96 123.28 258.28 117.46
00193 0.743474 341.75 185.43 357.80 182.07 351.69 152.87 335.64 156.23
00193 0.337543 306.71 152.17 320.16 151.74 319.37 127.01 305.92 127.44
00194 0.773028 239.61 145.96 254.91 141.48 247.15 114.92 231.85 119.39
00194 0.497507 287.13 171.40 303.20 160.77 285.18 133.54 269.11 144.17
00196 0.741885 218.15 206.21 234.02 202.57 227.27 173.14 211.40 176.78
00196 0.689651 269.83 235.24 285.32 226.66 268.47 196.24 252.98 204.81
00197 0.740763 207.00 268.81 222.52 265.45 216.33 236.90 200.81 240.26
00197 0.682952 261.27 300.45 278.61 291.40 262.16 259.91 244.82 268.97
00227 0.704681 140.40 273.46 150.89 260.07 117.12 233.61 106.63 247.00
00228 0.685786 141.97 274.76 154.35 259.85 118.69 230.25 106.31 245.16
00266 0.901139 538.30 154.05 544.16 129.92 489.16 116.58 483.31 140.71
00267 0.670976 417.73 122.30 417.03 101.49 377.14 102.84 377.84 123.65
00269 0.424491 418.20 41.14 413.89 27.71 385.94 36.69 390.25 50.12
00274 0.837411 233.47 450.55 241.37 422.20 173.43 403.25 165.53 431.60
00275 0.758920 497.72 429.64 491.83 407.70 450.62 418.76 456.51 440.70
00275 0.482611 159.82 484.95 156.95 461.77 103.82 468.35 106.70 491.53
00276 0.661143 564.48 357.76 546.30 333.55 505.78 363.97 523.96 388.19
00277 0.718885 598.16 461.32 575.31 437.12 534.00 476.11 556.84 500.32
00287 0.678628 337.38 87.62 348.37 63.86 298.54 40.82 287.55 64.57
00288 0.680724 285.58 129.48 300.54 100.00 240.09 69.30 225.12 98.78
00289 0.773808 203.01 76.62 200.54 56.11 154.69 61.63 157.16 82.14
00289 0.331336 413.44 50.62 425.20 42.46 410.97 21.93 399.21 30.08
00293 0.632947 440.95 170.16 451.46 139.29 390.44 118.51 379.93 149.37
00293 0.477287 51.95 114.19 69.34 110.35 64.74 89.54 47.35 93.38
00296 0.648461 207.20 160.50 210.50 130.43 147.13 123.47 143.83 153.54
00297 0.666953 115.64 167.55 112.74 135.31 54.20 140.57 57.10 172.81
00483 0.308342 574.07 489.77 584.28 485.92 571.04 450.77 560.83 454.62
00525 0.432512 365.98 385.23 361.41 363.79 319.74 372.68 324.31 394.12
00552 0.940103 528.48 109.84 533.13 89.75 494.13 80.71 489.47 100.81
00552 0.327757 594.62 112.67 596.13 92.76 543.89 88.80 542.38 108.71
00553 0.921004 555.89 143.14 562.10 121.31 519.46 109.18 513.25 131.01
00554 0.927634 608.82 264.51 617.07 244.73 575.52 227.41 567.27 247.19
00554 0.405420 180.02 72.46 191.02 77.74 200.52 57.97 189.51 52.69
00555 0.847824 638.73 328.82 646.87 311.14 614.29 296.15 606.15 313.83
00555 0.376837 212.23 114.82 224.53 121.19 236.23 98.64 223.92 92.26
00559 0.566216 291.29 73.71 314.70 80.69 327.45 37.90 304.04 30.93
00560 0.580188 345.70 399.98 359.69 409.43 375.61 385.88 361.62 376.42
00560 0.415122 294.29 127.20 320.37 133.16 329.89 91.55 303.81 85.59
00561 0.405626 581.33 327.14 606.69 327.12 606.65 257.27 581.29 257.28
00563 0.318515 334.41 103.64 342.14 108.33 352.09 91.95 344.36 87.25
00574 0.813140 166.22 164.15 178.56 173.15 200.68 142.79 188.34 133.80
00575 0.843789 158.61 259.22 171.67 268.99 193.03 240.42 179.97 230.65
00576 0.810966 147.70 440.25 161.54 448.99 183.28 414.55 169.44 405.82
00585 0.873728 389.35 40.90 391.95 21.95 352.38 16.52 349.78 35.47
00585 0.415466 301.83 29.54 312.31 10.79 289.41 -2.01 278.93 16.75
00586 0.915914 397.87 90.14 399.35 69.82 359.03 66.88 357.55 87.20
00586 0.365921 450.97 85.42 451.26 68.17 410.93 67.51 410.65 84.76
00697 0.589566 164.09 161.40 157.43 144.29 119.31 159.12 125.97 176.23
00703 0.765250 148.91 56.74 146.68 37.53 109.98 41.79 112.22 61.01
00703 0.311480 256.73 173.67 276.98 165.48 258.54 119.89 238.29 128.07
00714 0.558840 140.58 214.77 135.26 199.95 106.29 210.36 111.61 225.18
00725 0.642962 140.99 332.46 134.85 315.66 96.99 329.50 103.13 346.29
00768 0.523131 136.86 69.27 145.30 59.77 126.08 42.68 117.63 52.18
00898 0.591459 302.49 479.35 295.73 466.56 263.73 483.47 270.49 496.26
00909 0.683775 176.17 488.15 175.47 472.31 150.47 473.41 151.17 489.26
00930 0.601206 398.59 482.69 399.48 471.85 369.68 469.39 368.78 480.24
00995 0.445433 472.56 129.36 482.10 111.23 448.06 93.31 438.51 111.44
01090 0.804433 304.30 272.64 297.96 238.34 202.44 256.00 208.79 290.30
01113 0.302678 401.78 87.55 429.58 80.58 409.57 0.77 381.77 7.74
