00006 0.833538 290.90 230.80 311.27 231.94 317.31 123.55 296.94 122.41
00009 0.747626 286.14 324.83 308.87 325.34 311.34 215.48 288.61 214.97
00011 0.792458 300.29 253.67 318.67 254.07 319.52 215.34 301.14 214.94
00013 0.838782 145.29 290.91 146.08 267.03 93.87 265.30 93.08 289.19
00021 0.725429 305.29 302.59 325.27 309.81 365.55 198.44 345.57 191.21
00023 0.701408 233.20 295.92 251.49 284.65 215.41 226.10 197.13 237.36
00023 0.680931 355.22 177.65 374.90 185.19 404.43 108.06 384.76 100.52
00024 0.867064 573.05 365.85 574.19 340.61 521.68 338.25 520.55 363.48
00024 0.762213 205.88 343.34 206.51 315.60 79.70 312.73 79.07 340.46
00025 0.658364 355.44 416.32 374.62 423.14 402.74 344.02 383.56 337.20
00025 0.499709 222.69 521.51 240.93 510.45 212.62 463.79 194.39 474.86
00029 0.313373 243.21 485.53 264.29 485.29 263.11 381.89 242.03 382.13
00035 0.755059 558.79 413.05 556.92 384.77 435.77 392.76 437.64 421.04
00042 0.883379 267.48 221.98 280.77 222.83 283.08 186.80 269.79 185.95
00057 0.322288 567.03 261.48 554.99 248.40 528.44 272.84 540.48 285.92
00062 0.392680 495.22 281.03 518.28 296.58 588.91 191.84 565.85 176.29
00063 0.796754 572.83 99.47 596.32 110.22 644.92 4.05 621.42 -6.70
00066 0.442729 258.01 375.14 272.53 380.99 286.74 345.74 272.22 339.89
00068 0.821913 273.43 195.28 298.16 205.93 339.65 109.62 314.92 98.97
00069 0.879979 281.56 116.06 303.12 126.38 328.23 73.91 306.67 63.60
00070 0.882390 122.01 415.56 144.96 425.23 165.32 376.94 142.37 367.27
00071 0.761091 235.46 129.30 256.92 138.46 284.54 73.81 263.08 64.65
00072 0.835132 122.47 400.65 144.27 409.78 172.51 342.40 150.71 333.27
00084 0.895515 300.14 463.47 318.51 471.18 343.25 412.26 324.88 404.54
00085 0.887636 482.71 140.09 500.65 147.42 522.80 93.21 504.87 85.88
00088 0.344539 404.15 212.15 428.51 222.07 486.30 80.15 461.94 70.23
00096 0.875006 253.93 223.69 270.35 229.12 283.80 188.44 267.38 183.01
00099 0.532061 212.54 503.04 236.61 511.59 284.01 378.26 259.94 369.70
00100 0.656620 317.38 225.41 339.14 232.57 372.69 130.76 350.93 123.59
00101 0.703621 313.56 190.14 333.10 196.92 352.88 139.91 333.34 133.13
00101 0.527123 293.07 323.97 316.18 332.71 359.99 216.92 336.89 208.18
00102 0.577344 394.80 113.38 417.53 120.37 446.44 26.34 423.72 19.35
00104 0.792142 266.59 181.90 287.73 190.49 323.50 102.45 302.36 93.86
00105 0.809483 274.97 121.08 300.82 132.61 323.92 80.81 298.06 69.28
00106 0.728100 277.21 135.10 297.16 143.21 325.08 74.53 305.13 66.41
00107 0.686339 163.59 437.45 186.69 446.05 219.91 356.79 196.81 348.19
00107 0.544296 405.13 55.82 417.92 59.70 427.50 28.10 414.71 24.22
00109 0.489415 340.90 259.20 357.88 248.99 307.56 165.36 290.59 175.58
00110 0.462515 317.93 77.05 331.31 70.85 303.66 11.17 290.28 17.37
00111 0.826048 240.45 106.54 255.86 102.34 240.58 46.33 225.18 50.53
00113 0.351134 332.16 412.99 344.44 410.88 339.23 380.48 326.94 382.58
00115 0.586819 230.70 189.77 249.92 188.38 244.55 114.11 225.33 115.50
00118 0.435245 301.71 469.27 324.69 470.02 327.80 375.35 304.82 374.59
00119 0.775824 388.57 145.30 403.31 144.09 399.87 101.90 385.13 103.10
00120 0.416593 243.90 53.65 256.72 53.63 256.63 -0.08 243.81 -0.06
00121 0.363769 345.72 310.09 360.34 309.53 358.63 264.67 344.00 265.22
00122 0.511511 391.86 444.37 412.91 443.35 407.95 341.04 386.90 342.06
00126 0.618254 122.51 421.90 142.43 418.04 120.21 303.46 100.28 307.32
00129 0.359697 202.99 68.66 215.66 73.60 232.26 31.06 219.59 26.12
00131 0.563645 75.72 323.68 92.29 332.94 134.38 257.63 117.81 248.37
00134 0.514088 190.47 307.14 202.97 311.01 212.64 279.78 200.14 275.91
00136 0.394593 128.33 158.03 143.91 162.09 157.39 110.36 141.82 106.30
00137 0.427632 120.87 106.11 134.10 108.91 144.54 59.54 131.31 56.74
00138 0.452512 56.87 425.56 73.70 429.50 92.81 347.85 75.98 343.91
00139 0.627487 232.08 490.24 249.76 493.14 263.45 409.71 245.77 406.81
00139 0.348858 149.44 325.85 163.04 330.44 177.10 288.80 163.51 284.21
00143 0.475393 289.53 299.78 305.76 292.49 269.51 211.76 253.28 219.05
00144 0.339200 59.47 103.91 49.26 64.46 35.75 67.96 45.96 107.41
00146 0.663842 42.20 57.61 55.19 61.81 66.71 26.16 53.73 21.96
00147 0.342241 9.37 105.86 25.56 109.99 40.90 49.89 24.71 45.76
00152 0.629093 243.03 446.37 260.90 445.81 259.19 391.02 241.32 391.58
00153 0.721089 236.14 217.88 252.86 218.03 253.24 177.35 236.52 177.19
00160 0.314258 124.04 139.59 135.02 143.52 144.04 118.33 133.06 114.40
00162 0.697845 190.61 485.39 199.95 457.50 91.77 421.27 82.43 449.16
00162 0.365975 354.05 170.54 363.62 176.84 379.80 152.27 370.23 145.97
00163 0.355161 90.27 326.79 101.89 309.13 17.41 253.50 5.78 271.16
00165 0.550476 82.29 143.30 91.83 128.96 37.56 92.86 28.02 107.19
00167 0.770442 284.62 385.12 298.46 391.10 310.43 363.38 296.58 357.40
00171 0.326343 198.77 367.97 208.20 370.89 215.39 347.62 205.97 344.70
00172 0.339032 173.53 434.00 183.51 436.76 190.88 410.02 180.90 407.26
00176 0.370901 265.38 98.95 279.96 102.66 294.51 45.59 279.93 41.87
00177 0.733730 203.76 365.55 222.28 371.10 242.49 303.76 223.97 298.20
00177 0.479863 180.04 144.22 187.96 129.01 150.70 109.61 142.79 124.82
00177 0.372662 209.13 54.43 218.53 34.55 133.92 -5.46 124.52 14.42
00186 0.546056 396.24 399.92 411.61 409.05 444.77 353.23 429.39 344.10
00187 0.573814 500.83 319.58 516.31 329.41 552.79 271.96 537.31 262.12
00189 0.476203 476.43 83.52 501.31 83.36 500.77 0.51 475.89 0.68
00193 0.593695 405.53 103.74 403.27 88.02 371.09 92.64 373.35 108.37
00194 0.415484 318.33 80.62 312.50 65.79 280.70 78.28 286.53 93.12
00195 0.392593 193.64 426.02 181.12 405.67 126.62 439.21 139.15 459.56
00197 0.503807 299.10 189.43 292.34 173.12 256.69 187.89 263.45 204.20
00198 0.758035 631.74 56.81 625.98 37.56 593.35 47.33 599.12 66.58
00198 0.756936 343.71 191.66 335.10 159.56 221.87 189.92 230.47 222.03
00198 0.308311 642.91 81.51 638.80 57.19 571.77 68.52 575.88 92.83
00199 0.802712 482.70 205.70 474.96 183.89 434.37 198.29 442.11 220.10
00200 0.868055 155.78 346.38 146.83 322.42 102.41 339.03 111.37 362.98
00201 0.699978 458.84 250.29 443.75 226.59 352.84 284.49 367.94 308.19
00203 0.809450 242.42 257.11 255.92 242.76 224.59 213.28 211.09 227.63
00204 0.880051 116.67 310.46 133.76 284.82 68.66 241.43 51.57 267.07
00206 0.911971 223.54 184.31 242.83 165.22 198.19 120.12 178.91 139.22
00206 0.884717 103.89 170.89 120.46 156.55 68.31 96.26 51.74 110.60
00206 0.840001 236.10 331.02 253.09 318.21 226.44 282.85 209.45 295.66
00207 0.818969 197.27 217.57 213.33 206.11 187.63 170.10 171.57 181.57
00207 0.774098 373.49 472.22 394.45 455.13 316.67 359.65 295.70 376.74
00208 0.883370 132.43 160.37 150.78 147.59 127.40 114.00 109.05 126.77
00209 0.742381 226.55 272.81 240.55 263.33 216.66 228.07 202.66 237.55
00210 0.799619 179.58 96.57 198.69 80.58 155.14 28.55 136.03 44.54
00211 0.784413 190.57 113.92 209.78 98.16 165.60 44.30 146.39 60.06
00211 0.654545 438.85 463.09 450.08 453.48 428.49 428.26 417.27 437.87
00211 0.527380 128.14 221.89 145.78 211.20 124.12 175.45 106.48 186.14
00212 0.742075 238.27 177.33 258.72 163.59 215.70 99.57 195.25 113.31
00212 0.563602 411.49 503.36 437.47 486.84 369.73 380.30 343.75 396.82
00213 0.897040 91.05 363.82 113.09 353.97 80.37 280.75 58.33 290.60
00213 0.825537 243.81 334.74 264.14 322.07 214.17 241.87 193.83 254.55
00213 0.510711 206.74 359.52 227.88 347.81 177.21 256.31 156.07 268.02
00214 0.885393 229.53 325.57 249.45 324.38 247.02 283.61 227.11 284.79
00214 0.854637 226.91 80.98 245.23 79.06 238.35 13.32 220.02 15.24
00215 0.869902 397.43 67.55 413.03 68.45 415.04 33.51 399.44 32.61
00215 0.839510 457.40 377.53 482.25 379.21 487.80 297.47 462.95 295.78
00217 0.845242 497.55 150.78 517.65 151.80 520.67 91.92 500.57 90.90
00220 0.908754 220.43 188.03 223.22 170.54 191.62 165.51 188.83 182.99
00221 0.926600 371.46 204.30 374.24 183.80 341.45 179.37 338.68 199.87
00222 0.932520 483.83 199.95 484.15 179.11 452.17 178.62 451.85 199.46
00224 0.629918 133.64 222.24 132.94 199.94 65.02 202.07 65.72 224.37
00227 0.547182 628.14 104.17 638.97 86.53 561.27 38.81 550.44 56.45
00228 0.431214 492.72 17.30 499.85 4.51 467.48 -13.54 460.35 -0.75
00229 0.886906 227.21 164.30 228.25 142.55 170.09 139.77 169.05 161.51
00229 0.730275 172.84 147.32 173.74 129.24 131.35 127.13 130.45 145.21
00229 0.525459 441.36 177.27 442.30 161.97 419.04 160.53 418.10 175.83
00230 0.777022 109.68 219.28 111.27 201.54 77.62 198.51 76.02 216.25
00231 0.896992 462.92 333.06 464.67 314.78 431.18 311.58 429.43 329.86
00232 0.896532 378.14 260.48 372.06 242.97 342.58 253.20 348.66 270.71
00232 0.797674 120.13 290.88 112.61 268.37 63.27 284.86 70.79 307.37
00232 0.786652 235.87 266.24 228.87 242.49 147.79 266.39 154.79 290.14
00232 0.694482 429.33 167.81 420.85 144.25 346.79 170.90 355.26 194.45
00233 0.797458 525.59 129.16 517.98 114.26 494.61 126.18 502.21 141.09
00233 0.636526 299.84 161.43 289.36 139.29 218.04 173.07 228.53 195.21
00234 0.798218 299.51 167.51 288.49 144.99 217.88 179.53 228.89 202.05
00236 0.862428 593.00 13.24 580.84 -0.26 549.38 28.09 561.54 41.58
00236 0.727377 167.46 297.44 150.30 275.05 77.12 331.15 94.28 353.54
00237 0.847542 308.12 298.18 291.37 278.14 238.91 321.99 255.67 342.03
00237 0.817263 595.56 50.73 580.35 34.38 532.34 79.03 547.55 95.39
00237 0.674624 128.82 407.36 109.55 383.67 29.47 448.78 48.74 472.48
00238 0.786488 307.49 389.28 291.21 372.26 251.86 409.92 268.14 426.94
00238 0.739051 412.67 208.73 395.28 189.71 331.80 247.77 349.20 266.79
00238 0.574861 128.49 408.45 108.69 385.09 29.18 452.50 48.98 475.85
00239 0.854738 273.59 348.62 289.92 363.61 314.44 336.89 298.11 321.90
00239 0.627873 497.00 119.68 511.00 130.45 529.79 106.03 515.79 95.26
00239 0.440519 74.21 422.84 54.31 400.96 -14.38 463.43 5.52 485.31
00240 0.536601 480.92 88.88 491.91 96.74 507.19 75.39 496.20 67.53
00240 0.443228 542.69 21.55 554.13 28.83 567.89 7.20 556.46 -0.08
00241 0.881047 383.78 257.18 396.95 267.73 418.67 240.63 405.50 230.07
00241 0.861268 498.69 124.19 513.03 134.96 541.06 97.65 526.71 86.87
00241 0.857922 459.06 177.31 472.76 188.38 497.61 157.64 483.91 146.57
00241 0.682454 256.53 396.25 269.67 408.26 295.39 380.13 282.26 368.12
00241 0.622402 584.16 59.86 596.99 69.98 627.24 31.61 614.42 21.50
00242 0.879619 106.52 433.56 126.10 445.75 155.86 397.97 136.27 385.77
00242 0.830749 207.00 323.36 224.63 334.39 265.25 269.42 247.62 258.40
00242 0.801748 174.30 334.46 192.83 344.97 225.69 287.04 207.16 276.52
00242 0.551754 338.93 122.37 349.62 98.16 337.20 92.68 326.51 116.89
00243 0.585428 236.76 305.46 252.29 313.37 267.00 284.44 251.47 276.54
00245 0.398974 188.63 390.55 200.50 398.07 216.64 372.60 204.76 365.08
00247 0.889198 347.92 197.05 361.92 187.13 338.04 153.43 324.04 163.34
00247 0.862832 406.79 289.22 423.67 277.89 391.61 230.10 374.73 241.43
00247 0.736022 280.32 99.01 291.90 91.52 278.56 70.89 266.98 78.37
00247 0.489563 444.23 377.89 460.04 367.41 440.37 337.74 424.56 348.21
00247 0.375288 228.30 56.96 242.57 47.94 213.63 2.14 199.36 11.15
00248 0.842948 376.30 270.74 387.28 263.48 374.10 243.53 363.12 250.79
00248 0.658519 248.74 53.18 261.26 44.51 242.74 17.76 230.22 26.43
00248 0.370128 293.35 117.24 307.12 106.48 280.16 71.97 266.38 82.73
00249 0.811655 192.83 82.03 206.39 76.11 194.81 49.60 181.25 55.52
00249 0.791641 361.31 223.53 377.04 214.03 361.79 188.80 346.06 198.31
00250 0.865979 448.43 346.41 464.39 336.56 444.27 303.95 428.31 313.80
00250 0.815362 465.97 278.00 482.11 267.76 466.89 243.78 450.75 254.02
00343 0.371973 145.04 412.50 173.38 401.85 144.74 325.63 116.39 336.28
00344 0.491235 155.79 489.88 184.63 479.20 155.79 401.32 126.95 412.00
00349 0.607518 455.09 131.88 473.38 129.58 468.59 91.67 450.31 93.98
00350 0.499048 437.68 164.79 456.67 162.79 452.22 120.61 433.23 122.62
00351 0.482885 429.04 306.18 449.19 304.46 444.64 251.13 424.49 252.85
00352 0.857212 417.52 501.32 440.47 500.05 436.70 431.78 413.74 433.05
00384 0.835898 423.58 102.95 420.25 87.91 389.82 94.65 393.15 109.68
00384 0.794528 420.48 88.83 417.63 74.89 386.68 81.22 389.53 95.16
00385 0.899951 426.41 194.55 423.71 178.27 390.93 183.72 393.63 199.99
00385 0.778902 421.78 178.27 419.39 164.30 387.02 169.84 389.40 183.80
00398 0.448595 322.55 234.72 336.67 226.37 320.88 199.66 306.76 208.01
00399 0.549812 487.86 45.71 499.47 56.02 514.04 39.62 502.44 29.31
00400 0.420492 478.61 82.41 468.05 71.44 447.83 90.91 458.39 101.88
00400 0.312849 468.90 72.46 481.00 81.31 495.86 61.00 483.76 52.15
00401 0.633893 406.03 28.23 422.34 27.17 420.61 0.68 404.30 1.74
00401 0.477391 452.55 128.94 464.58 140.66 487.87 116.76 475.84 105.04
00402 0.841024 408.95 62.23 425.12 60.52 422.36 34.44 406.19 36.15
00402 0.522569 456.87 182.52 470.19 194.65 494.64 167.80 481.33 155.67
00403 0.852883 410.65 117.60 429.39 116.58 427.82 87.81 409.08 88.84
00403 0.487611 485.23 223.47 502.07 234.70 522.00 204.81 505.16 193.58
00403 0.370691 464.30 244.82 478.06 257.46 504.60 228.58 490.84 215.94
00404 0.781300 414.05 174.15 433.12 173.07 431.30 141.05 412.23 142.14
00404 0.613150 472.18 324.38 488.05 337.43 515.80 303.67 499.94 290.63
00405 0.909406 422.14 330.12 445.91 329.27 444.40 287.13 420.63 287.98
00406 0.894976 427.95 430.38 454.72 429.56 453.28 382.18 426.51 383.00
00420 0.454214 225.26 256.77 238.78 244.92 218.09 221.32 204.57 233.17
00431 0.573702 233.11 263.63 245.19 253.49 224.69 229.07 212.61 239.21
00450 0.680402 72.10 529.87 98.14 510.75 35.93 425.98 9.88 445.10
00459 0.364662 185.01 42.53 178.45 18.17 135.84 29.64 142.40 54.00
00460 0.627418 238.60 63.32 231.15 38.84 188.80 51.74 196.26 76.21
00460 0.476169 475.85 496.00 491.15 488.43 477.46 460.76 462.16 468.33
00461 0.580377 285.55 91.29 279.26 67.25 234.44 78.96 240.73 103.00
00462 0.653097 297.34 105.35 290.05 78.80 245.16 91.14 252.45 117.68
00464 0.896183 92.03 106.79 112.78 101.43 101.13 56.33 80.38 61.69
00464 0.735918 301.24 110.35 293.78 83.60 250.36 95.71 257.82 122.46
00464 0.538528 68.79 323.32 64.26 298.54 16.24 307.32 20.77 332.10
00465 0.629269 301.73 109.68 293.73 83.19 250.85 96.14 258.85 122.63
00465 0.383458 104.48 158.37 126.85 153.18 114.99 102.04 92.61 107.23
00466 0.831643 135.63 277.39 159.58 271.15 143.48 209.34 119.52 215.58
00466 0.669196 301.37 109.26 293.75 82.07 250.76 94.11 258.38 121.30
00467 0.552615 302.66 109.31 296.02 83.37 251.31 94.81 257.95 120.76
00468 0.667621 617.28 274.96 612.31 246.04 538.68 258.70 543.65 287.62
00468 0.454471 134.20 196.41 147.87 192.82 141.09 166.97 127.42 170.55
00468 0.412887 315.27 108.48 308.52 82.49 264.92 93.80 271.66 119.79
00469 0.513763 143.94 312.81 141.78 290.34 97.56 294.59 99.72 317.05
00469 0.381666 399.69 116.87 394.99 91.13 347.48 99.81 352.18 125.54
00470 0.683147 151.58 334.94 150.00 312.13 104.87 315.26 106.46 338.08
00471 0.811062 159.64 436.11 157.55 409.55 104.89 413.69 106.97 440.25
00471 0.562824 573.05 18.27 567.56 -11.41 454.22 9.55 459.71 39.24
00472 0.774710 174.34 506.60 172.23 476.48 116.29 480.38 118.39 510.51
00472 0.405373 593.05 34.60 590.36 1.40 471.93 10.99 474.62 44.19
00472 0.346584 612.75 56.99 608.44 24.34 483.50 40.84 487.82 73.49
00473 0.645967 637.54 103.34 633.30 66.20 514.51 79.78 518.76 116.91
00473 0.374934 646.66 133.98 642.36 100.65 528.55 115.32 532.85 148.65
00474 0.612883 255.30 510.98 273.85 513.03 277.74 477.93 259.20 475.87
00480 0.562550 245.99 59.23 268.00 54.80 256.12 -4.18 234.10 0.25
00481 0.732050 259.01 91.78 282.13 87.21 264.42 -2.27 241.30 2.31
00482 0.835219 272.99 126.81 294.94 122.33 274.87 24.10 252.92 28.58
00482 0.377714 598.20 426.91 612.52 420.17 598.89 391.20 584.57 397.93
00483 0.756977 290.23 169.97 315.47 164.12 291.34 59.88 266.09 65.73
00484 0.486006 594.37 12.07 590.10 -7.03 550.69 1.78 554.96 20.88
00484 0.415108 305.46 206.77 329.40 200.90 305.06 101.74 281.12 107.62
00486 0.663518 323.98 312.98 349.82 306.72 319.32 180.78 293.48 187.03
00486 0.358569 559.55 333.53 575.18 329.45 565.00 290.45 549.37 294.53
00487 0.848413 602.40 502.00 620.76 496.90 606.57 445.89 588.22 451.00
00487 0.754909 86.17 247.02 83.94 219.75 27.85 224.35 30.08 251.62
00487 0.557998 329.82 467.08 358.35 461.47 330.15 318.23 301.62 323.85
00488 0.625437 323.04 512.78 354.17 506.91 335.94 410.44 304.82 416.32
00488 0.409574 284.38 253.87 298.98 251.52 294.51 223.71 279.91 226.05
00488 0.311993 260.09 45.54 276.72 45.26 276.01 3.01 259.37 3.30
00489 0.574468 60.92 344.71 59.35 318.83 9.75 321.82 11.32 347.71
00489 0.527897 61.35 384.12 59.07 358.52 -4.38 364.18 -2.10 389.78
00492 0.454452 329.85 513.85 346.51 510.38 340.54 481.72 323.88 485.19
00493 0.445562 562.20 93.82 582.68 88.59 574.31 55.78 553.83 61.01
00493 0.332311 596.50 93.27 607.17 84.98 590.95 64.10 580.28 72.39
00494 0.344496 233.52 171.40 247.17 174.10 253.88 140.11 240.24 137.42
00497 0.373805 603.78 237.09 628.05 231.72 618.92 190.43 594.65 195.80
00498 0.435093 619.26 288.13 646.45 281.09 635.18 237.66 608.00 244.70
00502 0.314655 340.02 22.35 348.39 1.53 333.06 -4.63 324.70 16.19
00503 0.529558 282.85 174.19 300.00 177.97 307.87 142.32 290.72 138.53
00507 0.337692 339.84 31.28 352.66 30.24 350.78 7.22 337.97 8.26
00508 0.343526 253.92 482.97 272.10 484.09 275.13 434.92 256.95 433.80
00510 0.805822 623.99 137.52 637.85 115.66 597.71 90.21 583.85 112.06
00511 0.561006 621.08 121.63 636.09 98.64 597.46 73.42 582.45 96.41
00512 0.714229 542.39 208.23 558.47 187.58 491.66 135.54 475.57 156.18
00512 0.704633 496.66 98.15 507.84 75.44 467.93 55.79 456.75 78.49
00512 0.410867 573.05 55.67 566.24 39.10 532.25 53.07 539.07 69.64
00512 0.312891 444.26 52.38 448.88 33.61 409.51 23.91 404.89 42.69
00513 0.608189 400.05 47.71 409.04 24.04 368.29 8.56 359.29 32.22
00513 0.577672 494.83 88.05 505.89 62.39 467.21 45.72 456.16 71.38
00513 0.477576 543.11 193.33 559.17 171.71 492.02 121.83 475.96 143.44
00514 0.712804 486.15 161.79 500.86 139.96 434.44 95.23 419.74 117.06
00514 0.479029 502.23 16.13 494.56 0.88 462.71 16.89 470.38 32.14
00515 0.554750 486.55 128.27 499.69 106.97 434.30 66.65 421.16 87.95
00516 0.604034 343.82 79.42 353.13 58.55 284.03 27.75 274.73 48.62
00518 0.529897 431.93 55.96 444.89 48.72 429.10 20.44 416.14 27.68
00518 0.431187 389.41 56.02 401.55 51.35 391.88 26.25 379.74 30.92
00518 0.339582 349.39 60.95 364.71 57.74 359.01 30.45 343.68 33.65
00519 0.743889 529.19 390.40 549.55 394.35 559.00 345.68 538.64 341.73
00519 0.743266 580.94 409.15 603.66 412.02 610.93 354.54 588.22 351.66
00519 0.708251 608.82 410.82 628.23 414.36 637.48 363.58 618.06 360.04
00519 0.400429 505.76 383.31 522.85 386.92 531.89 344.10 514.80 340.49
00520 0.772163 543.82 399.30 567.19 401.19 571.81 343.99 548.45 342.10
00520 0.527981 571.44 399.69 591.82 401.95 597.31 352.52 576.93 350.26
00520 0.324804 468.26 375.97 485.90 378.67 492.51 335.47 474.87 332.77
00521 0.544230 451.73 379.92 474.30 380.06 474.63 324.30 452.06 324.16
00521 0.508819 582.52 386.66 601.36 382.02 591.36 341.39 572.51 346.03
00521 0.367362 400.47 370.34 421.49 371.24 423.61 321.64 402.59 320.75
00521 0.334282 618.79 29.65 633.44 30.17 634.35 4.91 619.70 4.38
00522 0.732861 584.13 193.82 581.75 154.31 447.60 162.39 449.98 201.90
00523 0.814938 489.96 177.67 486.75 141.05 354.40 152.63 357.61 189.25
00523 0.675752 385.39 351.40 402.62 343.79 386.00 306.11 368.76 313.71
00523 0.523890 208.21 372.96 230.09 370.01 223.57 321.64 201.68 324.59
00523 0.450900 260.09 371.66 282.79 366.92 271.41 312.42 248.70 317.16
00523 0.419285 285.44 364.36 305.23 361.53 298.34 313.31 278.55 316.14
00523 0.390115 170.05 204.94 168.13 188.58 134.76 192.50 136.69 208.86
00523 0.311304 648.39 303.90 637.18 282.14 606.83 297.77 618.04 319.53
00524 0.822064 157.53 380.77 179.30 376.50 169.69 327.52 147.92 331.79
00524 0.758719 430.57 168.45 423.88 130.58 293.40 153.62 300.09 191.49
00524 0.567570 210.08 376.50 231.67 371.41 218.51 315.53 196.92 320.61
00524 0.463440 601.63 280.97 592.62 260.82 549.11 280.28 558.12 300.42
00524 0.360420 133.82 383.12 152.29 380.48 146.04 336.66 127.57 339.29
00525 0.800076 110.67 442.37 132.04 435.01 112.96 379.59 91.59 386.94
00525 0.796196 135.42 429.44 155.56 423.06 140.16 374.44 120.02 380.81
00525 0.774267 312.52 191.72 302.24 155.74 172.17 192.93 182.45 228.90
00525 0.710175 54.90 455.42 78.64 447.98 62.62 396.86 38.88 404.30
00525 0.681149 28.38 461.49 47.44 456.26 34.88 410.48 15.82 415.71
00525 0.504242 237.65 397.69 254.12 387.49 231.38 350.78 214.92 360.98
00525 0.406519 502.90 295.68 491.09 276.91 450.55 302.43 462.37 321.20
00525 0.330127 2.41 471.13 22.36 465.92 7.97 410.82 -11.97 416.03
00525 0.304203 524.86 314.52 513.65 293.08 465.87 318.08 477.08 339.51
00526 0.833563 18.96 520.97 41.31 509.84 16.14 459.30 -6.21 470.43
00526 0.825881 47.57 513.01 68.43 504.80 47.80 452.35 26.94 460.55
00526 0.782941 442.27 345.93 428.57 326.44 383.88 357.83 397.58 377.32
00526 0.769761 417.94 331.39 402.74 313.72 366.62 344.78 381.82 362.45
00526 0.765514 214.55 237.56 201.08 201.24 70.84 249.54 84.31 285.86
00526 0.326724 648.43 94.85 639.18 72.54 605.67 86.43 614.91 108.73
00527 0.630363 186.76 282.30 170.70 244.05 31.37 302.56 47.43 340.81
00528 0.608123 287.61 468.12 307.02 485.92 344.21 445.35 324.80 427.56
00529 0.764160 442.22 111.07 457.39 102.84 441.13 72.84 425.95 81.07
00529 0.532850 354.07 115.81 370.38 113.03 365.64 85.23 349.33 88.02
00530 0.789160 385.68 237.56 370.57 214.88 317.14 250.47 332.24 273.15
00530 0.707492 59.14 397.30 35.59 361.26 -22.04 398.91 1.51 434.95
00530 0.500021 261.53 172.97 276.77 155.17 240.63 124.22 225.39 142.02
00531 0.782577 222.88 288.04 204.52 265.04 154.57 304.89 172.93 327.89
00532 0.410075 25.26 439.41 10.87 418.75 -12.30 434.89 2.09 455.55
00533 0.825620 202.50 48.68 214.74 18.81 123.85 -18.43 111.61 11.44
00533 0.763690 169.12 66.87 181.07 36.06 90.10 0.78 78.15 31.59
00533 0.646310 96.65 61.16 107.12 42.53 69.32 21.28 58.85 39.91
00534 0.833472 187.68 83.42 199.54 51.84 96.86 13.29 85.01 44.87
00534 0.718250 153.02 107.14 167.32 73.76 68.00 31.22 53.70 64.60
00534 0.717426 75.22 100.11 85.84 75.89 41.13 56.28 30.51 80.50
00535 0.828825 100.19 180.41 112.63 147.64 -0.29 104.77 -12.73 137.55
00535 0.781458 342.70 94.36 351.24 74.24 314.32 58.58 305.78 78.70
00535 0.710642 60.48 212.87 75.39 179.88 -0.53 145.56 -15.44 178.55
00535 0.521263 569.25 11.29 586.94 19.42 596.09 -0.49 578.40 -8.62
00536 0.869277 272.06 118.79 280.26 94.62 240.65 81.18 232.45 105.36
00536 0.857015 495.01 19.51 512.13 29.12 526.83 2.93 509.72 -6.68
00536 0.516247 41.78 88.49 53.03 68.77 18.47 49.05 7.21 68.77
00536 0.429647 22.71 100.29 33.60 84.89 5.46 64.99 -5.43 80.39
00537 0.852678 496.85 36.61 513.52 44.62 529.49 11.40 512.82 3.39
00537 0.673751 268.11 137.80 275.15 115.77 235.10 102.96 228.05 125.00
00537 0.642530 146.67 37.71 153.22 16.73 113.90 4.46 107.35 25.43
00538 0.818164 416.21 84.61 435.36 92.63 449.28 59.39 430.14 51.37
00538 0.752565 176.74 221.80 184.73 197.62 139.89 182.81 131.91 207.00
00538 0.717729 293.18 51.14 312.15 57.74 323.17 26.09 304.20 19.48
00538 0.636942 35.41 112.19 43.11 86.98 1.71 74.35 -5.98 99.56
00538 0.336633 488.74 154.11 491.29 138.08 454.96 132.29 452.41 148.32
00539 0.855064 419.92 126.60 438.97 134.04 453.07 97.96 434.01 90.52
00539 0.746465 290.26 90.45 309.20 94.51 315.92 63.12 296.98 59.07
00539 0.682540 165.87 285.37 175.14 257.61 125.72 241.11 116.46 268.87
00539 0.595049 17.73 159.88 25.11 136.39 1.76 129.05 -5.62 152.54
00539 0.435110 407.59 107.86 419.87 112.12 426.31 93.56 414.03 89.30
00539 0.417991 247.79 71.98 258.25 76.40 266.02 58.00 255.56 53.58
00540 0.485666 324.37 191.40 337.25 182.47 319.94 157.50 307.06 166.43
00541 0.857728 427.34 193.15 447.92 199.88 461.00 159.89 440.42 153.16
00541 0.855757 509.71 283.72 513.08 265.14 469.53 257.25 466.16 275.83
00541 0.722052 288.37 147.33 307.00 154.77 318.72 125.40 300.09 117.97
00541 0.657498 155.29 375.65 163.82 346.20 108.64 330.21 100.11 359.67
00542 0.864787 526.01 370.81 531.41 346.34 483.95 335.85 478.54 360.32
00542 0.844412 437.31 260.41 458.57 267.80 474.68 221.42 453.42 214.04
00542 0.777067 285.02 208.09 305.61 218.38 321.70 186.20 301.10 175.90
00543 0.861709 530.61 467.40 535.92 441.21 485.11 430.90 479.79 457.08
00543 0.814271 431.87 341.00 456.18 347.32 471.59 288.05 447.28 281.74
00544 0.883543 372.65 431.30 397.42 436.24 409.60 375.16 384.83 370.22
00544 0.707260 191.05 375.31 213.29 384.11 229.45 343.29 207.22 334.49
00545 0.348170 153.00 486.53 176.45 491.37 185.66 446.72 162.21 441.89
00546 0.842445 223.30 147.57 222.28 128.17 186.30 130.06 187.32 149.45
00547 0.625055 181.79 219.89 180.41 196.33 139.07 198.76 140.46 222.32
00549 0.524231 154.60 397.43 151.87 365.42 96.05 370.18 98.78 402.19
00552 0.931987 449.92 449.18 450.91 432.04 420.90 430.31 419.91 447.45
00552 0.739766 197.74 171.10 214.20 173.82 226.62 98.61 210.16 95.89
00552 0.630496 567.83 263.62 578.44 265.17 581.52 244.13 570.91 242.58
00552 0.562494 184.30 183.35 198.08 184.30 200.33 151.38 186.55 150.44
00552 0.320103 451.35 451.03 464.92 452.27 467.37 425.50 453.80 424.25
00553 0.930067 465.43 490.35 467.51 473.09 437.02 469.42 434.95 486.68
00553 0.755791 592.04 302.08 602.64 303.10 604.73 281.50 594.13 280.47
00553 0.731538 217.51 194.77 234.03 198.15 250.30 118.51 233.78 115.14
00553 0.331102 203.55 205.09 217.27 207.14 222.14 174.54 208.42 172.50
00554 0.697944 246.72 310.44 264.04 314.72 285.07 229.65 267.74 225.37
00554 0.428167 245.71 326.56 250.93 291.97 236.98 289.87 231.77 324.46
00554 0.413563 276.47 135.63 288.40 137.04 293.37 94.76 281.44 93.36
00555 0.794246 209.91 195.00 220.35 177.35 185.19 156.57 174.75 174.22
00555 0.574018 270.47 370.84 288.17 375.20 310.27 285.43 292.58 281.07
00555 0.339849 307.31 185.47 320.97 187.39 327.83 138.62 314.18 136.70
00556 0.712536 328.81 239.40 342.78 241.88 351.65 191.94 337.68 189.46
00556 0.573082 286.37 438.21 303.88 442.74 328.84 346.26 311.33 341.73
00556 0.456396 227.26 247.35 239.30 230.30 205.00 206.09 192.96 223.14
00556 0.442727 435.99 234.19 450.02 237.06 459.36 191.37 445.32 188.51
00557 0.776047 262.44 303.25 274.46 286.34 240.76 262.40 228.74 279.32
00557 0.677015 366.21 303.81 380.51 307.26 392.84 256.15 378.55 252.70
00557 0.446983 314.32 505.59 332.06 511.27 362.46 416.32 344.72 410.64
00558 0.808903 370.63 513.14 386.54 519.00 396.44 492.11 380.53 486.25
00558 0.419469 407.09 373.38 422.11 376.94 435.60 319.93 420.57 316.38
00558 0.400822 359.81 511.34 370.28 515.67 379.77 492.73 369.31 488.40
00560 0.774427 603.97 384.20 617.19 388.13 631.66 339.41 618.44 335.49
00569 0.380038 15.14 207.17 16.56 192.78 0.42 191.17 -1.00 205.57
00576 0.406346 216.72 181.92 225.78 186.17 234.81 166.90 225.76 162.65
00576 0.385501 197.33 173.89 206.10 180.32 219.27 162.37 210.50 155.94
00576 0.326747 226.53 192.19 234.47 198.34 247.64 181.35 239.70 175.20
00577 0.602244 322.26 288.37 331.24 294.47 344.38 275.15 335.40 269.04
00578 0.639606 281.07 412.92 290.69 417.43 301.59 394.18 291.97 389.67
00584 0.935529 365.38 238.32 363.86 221.83 336.10 224.39 337.62 240.88
00584 0.739131 93.94 49.14 108.13 48.81 107.00 0.60 92.81 0.93
00584 0.483844 439.64 72.15 448.80 73.08 450.73 54.24 441.57 53.30
00584 0.403222 82.61 59.78 94.72 58.89 92.47 28.26 80.36 29.15
00585 0.925801 371.39 365.27 370.12 347.96 340.71 350.11 341.98 367.43
00585 0.634839 70.47 162.76 83.58 162.22 82.27 130.19 69.15 130.73
00585 0.470353 372.59 364.96 386.03 364.02 384.05 335.75 370.62 336.69
00585 0.399828 81.74 152.48 98.39 152.69 99.36 74.39 82.71 74.18
00586 0.939695 379.69 434.74 377.48 416.66 348.86 420.15 351.07 438.22
00586 0.783314 69.44 219.47 82.87 218.38 80.30 186.73 66.88 187.82
00586 0.696691 80.02 208.90 96.95 209.13 98.10 126.40 81.17 126.17
00586 0.342309 460.58 232.42 471.14 232.59 471.46 211.78 460.91 211.62
00602 0.657493 282.58 53.09 310.71 49.03 303.28 -2.47 275.15 1.58
00631 0.624615 403.73 68.11 430.44 58.03 404.84 -9.82 378.13 0.26
00638 0.625091 405.01 137.62 432.43 129.57 398.88 15.34 371.45 23.40
00639 0.572485 414.96 254.79 442.73 250.28 425.26 142.65 397.48 147.16
00640 0.495698 414.94 306.72 443.12 301.84 424.58 194.76 396.40 199.64
00642 0.888079 304.14 89.82 321.09 97.18 335.31 64.43 318.36 57.07
00650 0.741655 430.22 10.87 442.09 15.62 448.88 -1.34 437.01 -6.09
00651 0.912230 401.36 42.23 414.34 46.82 424.57 17.84 411.59 13.26
00651 0.890346 362.46 34.39 376.08 39.68 387.55 10.17 373.92 4.88
00651 0.878987 319.14 26.16 332.27 32.31 345.66 3.70 332.53 -2.45
00651 0.864228 347.00 31.99 360.94 37.48 372.81 7.39 358.87 1.89
00651 0.838586 333.83 29.68 347.09 35.13 358.96 6.28 345.70 0.82
00651 0.827459 427.08 11.15 440.57 15.84 446.15 -0.18 432.66 -4.88
00651 0.745168 415.41 10.63 426.44 13.40 429.91 -0.39 418.88 -3.16
00651 0.664735 397.85 10.76 404.29 2.24 395.46 -4.43 389.02 4.09
00651 0.649977 403.56 10.00 414.47 10.73 415.25 -1.07 404.34 -1.80
00651 0.479786 305.51 13.60 314.68 18.59 323.38 2.57 314.21 -2.41
00651 0.358262 386.27 10.15 392.25 3.06 383.89 -4.00 377.90 3.10
00652 0.911380 391.63 41.16 405.52 47.66 415.83 25.64 401.93 19.14
00652 0.909053 309.92 27.58 324.08 33.89 334.18 11.27 320.02 4.95
00652 0.891014 362.01 74.96 377.07 81.12 389.71 50.25 374.65 44.08
00652 0.881792 338.01 31.25 350.32 36.93 360.17 15.57 347.86 9.89
00652 0.874556 305.82 65.14 319.91 71.65 334.29 40.48 320.20 33.97
00652 0.874020 276.27 58.34 290.52 65.28 305.17 35.20 290.92 28.26
00652 0.873310 377.88 38.48 390.25 44.08 400.80 20.81 388.42 15.20
00652 0.865418 321.29 67.15 336.24 74.06 350.54 43.10 335.60 36.19
00652 0.862134 351.39 34.32 364.52 39.82 373.72 17.86 360.59 12.37
00652 0.844246 291.44 61.37 304.85 68.12 319.90 38.21 306.49 31.46
00652 0.828330 365.27 36.32 377.68 41.75 387.61 19.04 375.20 13.61
00653 0.881618 213.75 234.42 235.00 244.59 255.63 201.46 234.37 191.29
00654 0.913335 268.48 214.77 286.27 222.40 302.97 183.48 285.19 175.85
00654 0.912868 257.38 156.96 274.06 165.41 288.12 137.65 271.44 129.20
00654 0.908562 316.34 226.47 334.77 234.87 352.32 196.34 333.89 187.94
00654 0.895498 355.18 176.03 373.18 184.98 388.04 155.08 370.04 146.13
00654 0.886633 338.62 172.63 354.36 180.25 368.32 151.44 352.59 143.82
00654 0.874623 290.62 162.76 306.92 170.98 321.69 141.67 305.40 133.45
00654 0.873466 231.77 206.82 249.18 215.38 268.16 176.77 250.75 168.21
00654 0.860728 213.75 202.58 231.38 211.24 250.29 172.75 232.66 164.09
00654 0.859478 322.75 168.45 337.46 176.17 352.44 147.63 337.73 139.91
00654 0.846386 306.06 165.61 322.01 174.14 337.37 145.44 321.42 136.91
00654 0.844061 249.72 210.93 266.93 218.83 284.99 179.45 267.78 171.56
00654 0.407213 337.15 232.72 350.15 239.09 362.83 213.20 349.83 206.83
00655 0.923574 269.80 226.42 294.21 238.48 320.36 185.54 295.94 173.48
00655 0.921140 262.45 144.87 284.73 157.74 305.55 121.71 283.27 108.84
00655 0.910702 244.32 222.28 267.21 233.09 293.30 177.83 270.40 167.03
00655 0.898849 337.95 247.31 363.06 259.13 388.47 205.18 363.36 193.36
00655 0.898281 396.33 176.74 420.42 188.04 439.83 146.65 415.74 135.35
00655 0.887890 195.10 206.69 218.64 220.28 248.06 169.33 224.52 155.74
00655 0.872328 221.28 215.01 244.13 226.36 270.20 173.90 247.36 162.54
00655 0.866184 372.21 171.01 393.74 182.68 415.09 143.28 393.56 131.61
00655 0.850483 350.93 164.23 371.49 174.95 391.75 136.09 371.19 125.37
00655 0.828790 329.29 159.10 348.78 169.78 369.33 132.27 349.83 121.59
00655 0.767568 307.35 154.75 328.62 165.59 347.72 128.12 326.44 117.28
00656 0.924688 345.22 267.57 370.21 279.50 397.05 223.28 372.05 211.35
00656 0.913904 275.40 245.39 300.88 257.90 327.96 202.74 302.47 190.23
00656 0.899306 267.12 162.10 290.66 174.08 310.72 134.69 287.18 122.71
00656 0.898447 198.87 223.93 221.75 237.51 252.22 186.17 229.34 172.59
00656 0.888064 248.84 240.10 272.57 251.94 300.08 196.83 276.34 184.98
00656 0.886674 403.23 194.44 427.98 205.99 448.28 162.52 423.53 150.97
00656 0.879879 225.36 232.57 247.39 244.34 276.02 190.79 253.99 179.01
00656 0.861589 379.84 188.92 401.73 199.21 421.25 157.69 399.35 147.40
00656 0.850515 357.51 180.81 379.18 191.27 399.08 150.05 377.41 139.59
00656 0.837747 312.59 170.52 334.64 182.57 355.90 143.66 333.85 131.61
00656 0.830082 335.31 175.62 355.28 186.24 376.33 146.67 356.35 136.05
00656 0.399897 249.44 302.18 266.29 310.80 279.29 285.38 262.43 276.76
00657 0.903401 382.20 377.05 409.92 388.56 437.80 321.41 410.08 309.90
00657 0.892174 303.15 349.00 331.38 361.45 360.48 295.50 332.25 283.05
00657 0.891175 216.17 321.39 241.46 336.17 277.21 275.01 251.92 260.22
00657 0.886120 274.54 340.68 299.89 351.73 328.03 287.19 302.69 276.14
00657 0.884850 246.00 331.93 271.90 345.16 304.31 281.71 278.41 268.48
00657 0.881512 343.90 257.59 367.39 268.09 388.61 220.59 365.12 210.09
00657 0.863862 445.82 286.06 472.64 296.10 492.62 242.73 465.80 232.69
00657 0.846568 291.02 244.59 317.21 257.89 341.02 211.02 314.84 197.72
00657 0.811914 418.04 276.33 442.34 286.53 463.01 237.25 438.71 227.05
00657 0.809285 368.67 264.62 392.32 274.15 412.24 224.71 388.59 215.19
00657 0.648528 393.86 268.90 416.64 278.06 435.76 230.53 412.98 221.37
00657 0.383574 599.66 510.65 623.02 514.69 627.31 489.89 603.95 485.84
00658 0.906268 258.96 378.27 284.32 389.33 314.30 320.54 288.94 309.48
00658 0.898308 319.78 395.34 346.05 405.26 372.09 336.32 345.82 326.39
00658 0.890578 288.30 386.11 314.34 396.01 340.86 326.24 314.82 316.34
00658 0.875747 226.93 368.05 253.63 381.21 287.65 312.20 260.95 299.04
00658 0.861746 303.52 279.80 329.21 292.84 353.32 245.37 327.63 232.33
00658 0.860322 401.93 427.01 430.07 436.86 455.87 363.15 427.73 353.30
00658 0.823069 358.09 293.08 382.09 303.43 402.90 255.16 378.90 244.82
00658 0.822146 384.33 303.48 409.43 312.13 427.33 260.20 402.23 251.55
00658 0.719198 465.84 324.85 492.53 334.33 511.89 279.84 485.20 270.35
00658 0.701190 436.81 317.24 462.41 326.84 482.21 274.04 456.61 264.44
00658 0.683632 411.78 306.76 435.77 315.00 453.07 264.67 429.07 256.43
00658 0.375673 513.15 329.38 530.43 334.18 541.59 294.07 524.31 289.26
00658 0.303818 578.32 15.66 592.51 21.71 601.51 0.58 587.32 -5.46
00659 0.906723 318.54 454.41 347.04 465.61 374.43 395.92 345.93 384.72
00659 0.884908 256.64 435.95 283.50 449.02 316.42 381.37 289.56 368.30
00659 0.882088 286.44 447.50 314.30 458.81 343.15 387.77 315.28 376.46
00659 0.872490 225.54 426.78 252.34 440.57 287.24 372.73 260.43 358.95
00659 0.865021 401.68 486.89 431.28 497.39 458.08 421.83 428.48 411.33
00659 0.839079 464.39 383.24 492.65 393.54 513.79 335.52 485.53 325.22
00659 0.838867 302.98 339.94 329.10 353.23 353.64 305.00 327.53 291.72
00659 0.815318 560.73 511.29 583.22 517.11 599.93 452.56 577.43 446.74
00659 0.798665 357.96 354.42 382.69 364.28 402.32 315.05 377.59 305.19
00659 0.763351 384.83 362.12 409.66 370.92 428.39 318.03 403.56 309.24
00659 0.758756 437.13 376.85 462.26 385.95 482.12 331.10 456.99 322.00
00659 0.747840 145.43 494.49 166.85 506.37 188.83 466.74 167.41 454.86
00659 0.740643 410.82 367.54 434.78 376.19 453.70 323.78 429.73 315.13
00659 0.323740 173.87 497.68 191.97 509.33 214.92 473.68 196.82 462.03
00660 0.897150 230.14 249.73 258.26 263.15 290.47 195.67 262.35 182.24
00660 0.874636 261.18 259.11 287.55 270.76 317.36 203.30 290.98 191.65
00660 0.863634 360.41 174.69 384.79 185.69 406.25 138.15 381.87 127.15
00660 0.856149 322.21 276.10 349.01 286.31 375.35 217.17 348.55 206.96
00660 0.855855 404.04 305.51 430.52 315.46 457.20 244.42 430.72 234.48
00660 0.834398 289.04 269.08 317.12 280.27 345.65 208.66 317.56 197.47
00660 0.794141 439.21 199.85 464.87 209.15 484.57 154.82 458.91 145.52
00660 0.743533 387.02 184.50 411.74 193.26 430.13 141.32 405.41 132.56
00660 0.738693 414.77 189.89 438.56 197.97 455.87 147.05 432.08 138.96
00660 0.721648 305.49 162.94 332.34 175.75 355.70 126.81 328.84 113.99
00660 0.707233 468.92 411.32 489.48 417.99 501.11 382.09 480.55 375.43
00660 0.674163 466.75 207.51 494.25 217.68 516.20 158.38 488.70 148.20
00660 0.644264 534.46 434.44 557.01 439.36 565.45 400.65 542.90 395.73
00660 0.335535 555.36 342.22 577.07 348.50 598.80 273.44 577.10 267.16
00660 0.314427 499.44 421.61 520.74 425.59 527.89 387.38 506.59 383.40
00661 0.890486 223.51 281.22 253.95 289.06 272.34 217.63 241.90 209.80
00661 0.880746 332.96 191.57 357.87 199.20 374.36 145.40 349.46 137.77
00661 0.866751 158.90 269.15 186.95 279.80 214.58 207.08 186.52 196.42
00661 0.864960 192.76 276.53 219.54 283.08 236.77 212.64 209.99 206.09
00661 0.858395 195.51 169.25 223.62 180.12 244.06 127.26 215.96 116.39
00661 0.855304 361.79 196.17 389.26 203.67 404.39 148.28 376.93 140.77
00661 0.854375 129.72 261.60 159.34 271.70 184.03 199.28 154.41 189.18
00661 0.851039 307.57 302.24 335.64 309.41 354.27 236.41 326.20 229.24
00661 0.823001 252.51 173.96 277.58 183.07 295.68 133.27 270.62 124.16
00661 0.789365 571.73 355.78 593.17 358.36 599.16 308.60 577.71 306.02
00661 0.769018 382.04 398.92 403.48 402.63 409.69 366.76 388.25 363.05
00661 0.586111 411.33 405.03 433.55 407.06 437.03 369.13 414.81 367.09
00661 0.559118 538.94 430.24 562.96 432.24 566.18 393.59 542.17 391.59
00661 0.519358 515.29 339.17 536.38 342.39 543.83 293.55 522.73 290.34
00661 0.464137 563.17 226.43 581.16 229.91 589.47 186.95 571.47 183.47
00661 0.451590 306.44 184.64 331.26 191.63 345.70 140.35 320.88 133.36
00661 0.410827 447.86 412.00 469.71 414.74 474.17 379.08 452.32 376.35
00661 0.302678 279.20 179.70 304.08 188.49 321.72 138.58 296.84 129.79
00662 0.874716 501.31 336.64 521.57 339.59 528.88 289.25 508.62 286.31
00662 0.838684 301.51 457.17 332.03 464.38 352.73 376.77 322.20 369.56
00662 0.819069 238.27 297.11 265.56 304.91 283.43 242.41 256.15 234.60
00662 0.813672 205.35 430.62 235.33 438.30 257.42 351.96 227.44 344.29
00662 0.808731 414.63 319.29 433.56 322.40 441.48 274.14 422.55 271.04
00662 0.752890 175.50 287.14 205.22 296.69 224.84 235.59 195.13 226.05
00662 0.741269 269.12 303.10 297.10 309.20 310.55 247.57 282.57 241.47
00662 0.717237 328.99 315.37 357.54 322.23 372.94 258.12 344.39 251.26
00662 0.717030 98.82 407.48 129.77 417.28 157.10 330.92 126.15 321.13
00662 0.678398 361.98 321.97 392.81 328.81 407.47 262.76 376.65 255.91
00662 0.667379 472.89 487.54 496.01 490.97 504.66 432.77 481.54 429.33
00662 0.611434 300.26 306.63 326.95 312.80 341.30 250.70 314.61 244.53
00662 0.579918 341.25 463.91 362.04 468.35 374.65 409.30 353.86 404.86
00662 0.560588 168.99 424.89 199.75 433.32 223.84 345.43 193.09 337.00
00662 0.484200 135.69 416.41 165.84 424.91 190.53 337.40 160.38 328.89
00662 0.408250 539.26 500.05 562.84 502.00 567.73 443.02 544.15 441.06
00662 0.389182 588.67 355.76 610.07 358.91 617.80 306.48 596.40 303.32
00662 0.370813 572.77 510.19 596.72 513.07 603.95 452.90 580.00 450.02
00663 0.791718 437.69 512.12 459.56 515.07 467.32 457.53 445.46 454.58
00663 0.302239 543.08 511.71 564.50 513.96 568.36 477.20 546.94 474.96
00664 0.784722 85.18 438.96 111.18 453.59 143.78 395.65 117.79 381.02
00667 0.888778 254.53 121.34 273.02 125.21 280.69 88.54 262.20 84.67
00667 0.675064 32.56 70.70 51.71 83.02 72.34 50.95 53.19 38.63
00669 0.405993 33.50 86.55 53.71 97.58 73.48 61.36 53.27 50.33
00670 0.770738 22.94 172.62 44.09 183.32 63.60 144.76 42.45 134.06
00671 0.903117 255.74 42.98 273.69 46.98 281.77 10.70 263.81 6.71
00671 0.810352 73.81 178.70 100.72 189.56 116.98 149.28 90.07 138.42
00671 0.694139 119.70 59.31 136.74 68.00 152.03 38.02 134.99 29.33
00674 0.792645 260.53 46.54 275.10 49.32 281.39 16.36 266.82 13.59
00676 0.418546 343.87 8.72 360.11 17.40 369.81 -0.73 353.58 -9.42
00677 0.420818 289.84 43.48 309.60 53.63 332.23 9.57 312.46 -0.58
00679 0.483960 97.32 154.12 121.36 168.94 154.22 115.63 130.18 100.81
00713 0.808817 56.87 333.31 64.33 316.58 17.76 295.82 10.31 312.56
00715 0.675831 167.75 325.75 174.47 310.39 127.54 289.85 120.82 305.22
00716 0.867172 230.19 215.52 236.93 200.87 192.49 180.45 185.76 195.09
00717 0.841827 241.11 340.89 248.31 323.31 201.60 304.18 194.40 321.75
00718 0.858186 243.60 504.44 250.57 487.40 203.48 468.15 196.51 485.18
00745 0.365745 182.50 130.35 187.54 117.35 154.46 104.53 149.42 117.52
00785 0.674393 242.31 495.31 243.67 480.23 217.41 477.85 216.05 492.94
00786 0.751812 154.31 410.83 154.69 399.90 132.54 399.12 132.16 410.05
00788 0.614229 211.57 184.80 206.07 176.57 189.05 187.95 194.56 196.18
00789 0.516121 273.71 142.68 266.75 135.41 253.96 147.67 260.92 154.93
00792 0.687290 98.19 59.90 86.98 40.50 43.88 65.39 55.08 84.79
00792 0.579393 160.34 193.24 153.34 181.19 127.71 196.08 134.71 208.12
00792 0.533240 183.71 473.63 195.99 464.76 175.92 436.98 163.64 445.85
00794 0.668393 240.10 34.01 250.30 42.40 269.47 19.09 259.27 10.70
00796 0.301772 310.58 478.54 322.05 474.18 312.39 448.77 300.92 453.14
00798 0.410300 597.63 169.07 602.72 160.14 584.20 149.57 579.10 158.50
00799 0.749316 530.37 228.81 540.90 215.35 493.90 178.59 483.37 192.05
00799 0.710338 482.09 190.50 492.77 177.63 447.45 140.02 436.77 152.89
00803 0.591984 157.56 296.37 150.87 283.57 126.30 296.41 133.00 309.21
00803 0.481289 97.13 159.35 85.08 140.75 38.39 171.00 50.44 189.60
00809 0.478791 556.17 220.55 548.55 211.24 527.32 228.61 534.95 237.92
00809 0.476576 332.63 151.83 342.66 155.57 351.63 131.48 341.60 127.74
00810 0.502058 337.53 211.65 348.14 215.53 357.25 190.65 346.65 186.77
00811 0.853858 84.82 74.28 80.38 59.07 6.70 80.61 11.15 95.82
00811 0.706549 102.70 250.69 97.50 232.34 47.92 246.42 53.13 264.76
00811 0.553786 125.27 398.51 121.53 384.74 90.00 393.31 93.74 407.07
00812 0.885914 352.98 146.25 368.59 139.50 337.36 67.32 321.76 74.07
00812 0.869813 447.70 79.20 461.24 71.29 444.85 43.20 431.31 51.10
00812 0.813850 490.37 47.32 506.11 39.32 487.45 2.63 471.71 10.64
00812 0.729510 180.69 178.07 197.28 170.90 179.14 128.88 162.55 136.04
00812 0.484277 40.11 216.30 52.73 210.38 41.50 186.48 28.88 192.41
00812 0.464498 408.05 58.87 418.67 52.36 406.58 32.61 395.95 39.12
00812 0.406124 210.77 138.80 219.54 134.37 209.63 114.74 200.86 119.17
00812 0.398469 292.21 116.84 304.93 112.04 293.03 80.49 280.31 85.29
00813 0.878615 554.65 392.63 568.45 401.87 589.12 371.02 575.32 361.77
00813 0.777489 396.77 337.71 410.60 346.46 446.77 289.31 432.94 280.55
00813 0.561249 155.69 123.18 166.21 131.86 183.66 110.73 173.15 102.05
00813 0.375648 497.95 332.31 507.33 339.62 520.27 323.00 510.89 315.69
00814 0.805267 401.23 511.17 416.54 520.54 448.07 469.01 432.76 459.64
00814 0.386201 395.30 459.98 414.50 431.90 401.28 422.87 382.09 450.95
00814 0.325787 46.08 94.26 54.31 75.89 13.47 57.61 5.25 75.98
00815 0.881566 37.51 181.85 49.74 189.97 68.20 162.17 55.97 154.05
00815 0.853544 17.85 218.20 30.98 225.92 47.58 197.69 34.44 189.97
00815 0.853226 -8.41 256.32 4.72 264.64 22.14 237.12 9.01 228.80
00815 0.829578 57.70 145.25 71.26 153.66 88.08 126.55 74.52 118.14
00816 0.872936 0.38 463.01 12.40 470.19 28.03 444.00 16.00 436.82
00816 0.854514 23.59 427.01 36.15 433.89 52.74 403.65 40.18 396.76
00816 0.824744 42.95 388.86 53.85 396.03 71.84 368.66 60.93 361.49
00816 0.812764 62.15 353.46 74.63 360.74 91.49 331.85 79.00 324.57
00816 0.379446 180.62 390.87 184.92 380.04 164.60 371.97 160.30 382.80
00822 0.358276 532.80 464.36 548.20 465.10 549.95 428.64 534.54 427.91
00823 0.524277 560.47 414.87 577.14 415.23 577.96 376.63 561.30 376.27
00824 0.614110 587.43 363.91 603.02 365.39 606.53 328.39 590.93 326.91
00845 0.607133 4.44 54.68 17.60 66.49 47.63 33.02 34.47 21.21
00845 0.336944 -9.43 41.88 2.99 51.87 29.72 18.60 17.29 8.62
00846 0.409417 5.39 202.23 18.20 214.38 49.69 181.18 36.89 169.04
00846 0.377689 1.04 370.29 16.78 385.11 59.13 340.15 43.39 325.32
00847 0.513406 13.04 477.13 25.02 488.14 55.43 455.09 43.45 444.07
00847 0.419895 0.28 463.43 12.54 474.38 42.37 440.98 30.11 430.03
00849 0.578178 401.65 98.62 420.77 73.71 319.09 -4.30 299.97 20.61
00849 0.554547 381.94 115.14 400.03 91.69 302.34 16.34 284.25 39.79
00849 0.509380 337.56 184.20 356.27 162.34 257.73 77.97 239.02 99.83
00849 0.444221 418.27 74.48 438.30 49.29 345.53 -24.46 325.51 0.74
00850 0.690688 359.91 139.94 372.68 128.61 346.10 98.65 333.33 109.98
00851 0.679949 267.37 121.68 289.67 141.63 369.37 52.52 347.07 32.57
00851 0.525606 344.70 349.28 363.52 328.76 262.53 236.16 243.71 256.68
00851 0.506419 242.40 97.81 264.19 118.04 346.89 28.96 325.10 8.73
00851 0.321600 426.55 241.07 445.24 218.92 344.73 134.09 326.04 156.24
00851 0.301862 388.31 284.18 406.60 264.53 312.61 177.08 294.32 196.74
00852 0.795305 287.55 244.59 312.51 256.19 362.86 147.82 337.90 136.22
00852 0.765319 363.78 270.10 387.46 280.45 435.44 170.69 411.75 160.34
00852 0.752251 337.63 261.80 360.80 272.38 411.45 161.48 388.28 150.90
00852 0.717263 261.77 238.15 284.42 248.28 334.49 136.28 311.85 126.16
00852 0.715414 313.27 254.91 336.65 265.74 389.24 152.19 365.86 141.36
00852 0.652363 307.94 413.86 336.09 425.95 385.88 310.01 357.72 297.92
00852 0.580431 490.83 474.93 503.48 444.67 385.90 395.50 373.25 425.76
00852 0.562554 278.43 401.82 302.62 412.84 354.59 298.80 330.40 287.77
00852 0.534323 465.97 521.65 477.63 495.71 366.83 445.92 355.17 471.86
00852 0.501753 188.01 256.18 199.13 230.61 83.53 180.31 72.40 205.88
00852 0.498322 218.47 182.10 228.94 156.69 123.98 113.43 113.51 138.83
00852 0.487913 178.50 279.41 188.74 254.64 80.20 209.79 69.97 234.57
00852 0.484343 481.28 502.84 493.57 475.83 376.01 422.34 363.72 449.34
00852 0.457912 276.46 33.85 287.04 7.67 204.55 -25.68 193.96 0.50
00852 0.348416 227.96 155.57 238.31 129.59 134.08 88.07 123.73 114.05
00853 0.818819 440.88 93.71 459.65 74.44 374.68 -8.36 355.91 10.91
00853 0.803838 299.56 507.41 320.12 525.97 385.32 453.74 364.75 435.18
00853 0.769055 388.28 156.63 407.40 136.60 325.29 58.26 306.17 78.30
00853 0.768835 479.10 55.41 498.10 34.49 440.57 -17.76 421.57 3.16
00853 0.766775 336.84 213.55 352.27 196.00 273.17 126.47 257.74 144.02
00853 0.763061 369.84 171.64 385.76 153.89 300.38 77.33 284.46 95.09
00853 0.755232 302.77 257.29 318.22 238.96 237.38 170.83 221.93 189.17
00853 0.750967 353.06 192.88 368.88 175.85 283.10 96.17 267.28 113.21
00853 0.727674 217.48 478.70 238.30 498.34 325.68 405.72 304.85 386.07
00853 0.711831 461.66 76.47 482.06 54.23 401.97 -19.25 381.57 2.99
00853 0.687055 261.99 505.01 283.27 524.68 362.47 439.03 341.19 419.35
00853 0.668714 243.20 490.80 263.83 510.39 346.49 423.34 325.85 403.75
00853 0.658895 318.16 234.09 334.86 216.38 258.55 144.40 241.85 162.11
00853 0.651435 262.50 295.05 279.55 276.92 188.59 191.35 171.54 209.48
00853 0.636743 281.15 275.14 297.75 257.05 222.36 187.87 205.76 205.96
00853 0.635801 176.80 392.55 192.70 374.06 105.97 299.43 90.07 317.91
00853 0.634576 195.27 462.81 215.98 482.10 302.43 389.27 281.72 369.98
00853 0.603053 195.98 374.30 212.60 354.37 123.64 280.19 107.02 300.12
00853 0.601961 160.44 410.81 177.25 390.81 85.80 313.95 68.99 333.94
00853 0.530199 121.66 449.07 139.00 428.89 43.99 347.23 26.64 367.42
00853 0.508703 500.20 35.24 516.90 13.92 472.31 -21.00 455.62 0.31
00853 0.462734 246.15 313.72 262.06 296.07 181.46 223.40 165.55 241.05
00853 0.356550 209.63 355.20 228.18 334.21 133.86 250.83 115.31 271.82
00853 0.334314 228.83 333.81 247.11 312.22 150.92 230.76 132.64 252.34
00854 0.823488 387.35 434.32 405.83 418.87 339.95 340.08 321.47 355.54
00854 0.794685 408.13 415.74 428.40 398.88 364.20 321.70 343.93 338.56
00854 0.768959 509.98 331.11 530.35 314.43 464.39 233.84 444.02 250.51
00854 0.759147 351.32 68.21 367.92 54.14 309.89 -14.36 293.29 -0.29
00854 0.738233 571.97 279.56 594.12 261.97 513.84 160.89 491.70 178.48
00854 0.712091 325.12 487.67 346.60 469.67 279.70 389.83 258.22 407.83
00854 0.701704 345.75 470.92 365.81 454.52 296.43 369.64 276.36 386.04
00854 0.687334 367.76 452.38 387.50 435.73 313.24 347.65 293.50 364.30
00854 0.682125 491.03 346.70 510.64 330.01 439.11 245.96 419.51 262.65
00854 0.673400 552.48 295.67 573.47 278.37 492.35 179.96 471.36 197.26
00854 0.669465 530.72 313.04 553.30 294.51 474.52 198.49 451.94 217.02
00854 0.664105 305.35 505.87 325.72 487.96 256.96 409.75 236.60 427.65
00854 0.618756 468.39 364.59 488.32 348.97 414.34 254.56 394.41 270.17
00854 0.601697 298.78 131.99 316.33 117.43 238.07 23.08 220.51 37.64
00854 0.597041 612.70 245.03 635.65 226.18 560.16 134.29 537.22 153.14
00854 0.594288 283.17 150.67 301.96 134.49 218.73 37.84 199.94 54.02
00854 0.576535 285.78 525.46 306.64 507.24 234.14 424.26 213.28 442.48
00854 0.559380 592.59 262.32 615.16 244.14 536.90 147.02 514.33 165.20
00854 0.539958 633.47 229.39 657.10 209.78 577.90 114.33 554.28 133.94
00854 0.395608 255.72 533.47 278.62 514.76 211.38 432.49 188.48 451.21
00854 0.358590 331.23 88.27 349.55 73.13 277.71 -13.81 259.38 1.32
00854 0.324287 319.30 114.62 337.37 99.51 259.13 5.95 241.06 21.06
00854 0.313825 637.62 148.42 661.67 130.06 628.71 86.87 604.66 105.22
00855 0.674558 147.51 62.76 167.17 46.89 118.64 -13.27 98.97 2.60
00855 0.639914 334.29 297.21 351.65 283.89 278.44 188.49 261.08 201.81
00855 0.568359 530.22 514.16 552.66 496.51 476.32 399.44 453.88 417.09
00855 0.550970 591.12 464.93 615.19 444.83 537.75 352.09 513.68 372.19
00855 0.532075 550.54 496.39 572.86 477.80 493.55 382.56 471.23 401.15
00855 0.523542 570.10 480.60 593.53 461.05 514.79 366.67 491.36 386.22
00855 0.492487 612.07 447.02 635.57 426.90 561.22 340.05 537.72 360.17
00855 0.431900 505.71 526.92 527.45 509.20 468.52 436.94 446.79 454.67
00855 0.413790 357.66 282.85 376.41 266.49 289.67 167.05 270.91 183.41
00855 0.394028 470.12 526.57 491.15 510.55 445.94 451.22 424.91 467.25
00855 0.377142 132.44 78.25 152.92 60.87 91.55 -11.45 71.07 5.93
00855 0.344843 631.91 431.53 656.61 410.56 578.92 319.02 554.22 339.99
00856 0.702924 148.03 261.72 165.13 247.72 83.73 148.36 66.63 162.37
00856 0.648947 332.03 494.49 350.18 479.80 281.63 395.10 263.48 409.79
00856 0.542566 129.70 277.39 148.66 261.58 59.04 154.08 40.07 169.89
00856 0.500650 154.70 211.86 173.76 195.94 80.09 83.82 61.03 99.74
00856 0.429185 29.13 218.25 45.19 202.88 1.22 156.94 -14.84 172.32
00856 0.400448 6.86 237.15 24.83 220.57 -0.16 193.49 -18.12 210.07
00856 0.374285 318.38 514.08 334.86 499.59 272.94 429.13 256.46 443.61
00856 0.352555 352.51 477.23 370.21 462.04 293.24 372.33 275.54 387.51
00861 0.842204 367.15 77.97 385.69 72.70 374.89 34.72 356.34 39.99
00896 0.627501 250.32 81.79 260.92 88.47 284.88 50.45 274.28 43.77
00898 0.512743 449.23 10.79 447.96 -0.54 422.12 2.35 423.38 13.68
00899 0.773678 476.36 332.68 476.12 321.05 448.86 321.60 449.10 333.22
00899 0.526443 422.16 233.68 430.91 233.76 431.13 210.74 422.38 210.66
00899 0.394752 545.57 303.59 545.60 292.07 517.62 291.99 517.58 303.51
00899 0.360213 413.87 288.36 423.11 288.06 422.21 260.59 412.97 260.89
00902 0.399723 559.85 256.28 567.49 254.63 563.53 236.22 555.88 237.87
00905 0.486089 554.09 468.45 564.70 465.07 556.55 439.48 545.94 442.85
00907 0.772973 251.01 123.48 261.81 130.28 285.89 92.04 275.08 85.24
00910 0.508643 458.88 485.86 469.86 479.62 456.72 456.52 445.74 462.77
00917 0.509734 326.00 195.96 333.40 195.60 332.39 174.88 325.00 175.24
00919 0.527585 337.40 334.45 345.57 333.80 343.84 312.00 335.67 312.65
00927 0.475033 370.80 104.83 381.57 103.71 377.27 62.16 366.49 63.28
00930 0.316979 511.39 246.77 521.86 246.35 520.09 202.53 509.61 202.95
00931 0.626076 502.98 396.19 515.53 395.03 510.73 343.29 498.19 344.46
00931 0.564445 543.31 383.32 554.86 381.72 548.88 338.58 537.32 340.18
00933 0.533378 472.15 418.35 468.35 411.23 451.20 420.40 455.01 427.52
00933 0.361033 537.62 42.75 545.06 41.42 541.59 22.11 534.15 23.45
00939 0.440621 32.12 271.19 29.71 261.92 10.40 266.94 12.82 276.21
00954 0.866261 550.83 218.12 547.28 191.58 496.72 198.34 500.27 224.88
00954 0.385740 143.43 252.57 140.42 237.21 104.39 244.27 107.41 259.64
00955 0.891427 551.60 209.44 546.86 183.07 498.17 191.81 502.90 218.18
00956 0.868392 540.52 181.55 533.88 156.80 487.99 169.11 494.63 193.86
00957 0.921693 553.19 124.37 545.54 102.71 509.38 115.48 517.03 137.14
00958 0.305253 334.13 166.10 326.99 154.08 305.96 166.57 313.09 178.58
00959 0.536286 150.75 266.59 142.01 252.04 116.09 267.59 124.83 282.14
00960 0.724971 68.41 461.12 52.07 433.09 7.60 459.01 23.94 487.04
00961 0.787292 298.71 424.74 281.83 401.31 241.82 430.13 258.70 453.56
00962 0.876473 317.65 406.56 337.89 424.80 368.88 390.41 348.65 372.17
00962 0.349474 561.15 118.09 572.44 125.89 586.46 105.62 575.16 97.81
00963 0.846669 388.51 355.99 408.57 369.38 432.16 334.04 412.10 320.65
00963 0.829488 374.59 267.63 392.23 279.80 415.67 245.82 398.03 233.65
00964 0.745151 639.12 206.86 637.95 191.44 606.08 193.84 607.25 209.27
00967 0.764672 369.60 235.22 386.40 238.47 392.13 208.89 375.33 205.64
00972 0.441335 79.54 125.07 92.18 125.29 92.56 103.88 79.92 103.65
00975 0.843063 333.07 216.06 332.12 199.83 298.58 201.79 299.52 218.01
00978 0.379324 268.74 66.91 280.37 68.80 283.69 48.43 272.06 46.53
00983 0.483425 400.31 232.12 412.66 224.21 400.84 205.76 388.49 213.67
00990 0.885192 64.87 256.23 64.51 226.62 0.93 227.38 1.28 256.99
00991 0.887495 81.80 254.93 80.76 225.74 18.69 227.95 19.73 257.13
00991 0.617600 634.59 177.93 633.63 154.41 548.58 157.89 549.54 181.41
00991 0.420591 575.57 186.27 574.54 175.60 545.97 178.34 546.99 189.01
00992 0.874361 169.89 240.07 169.10 212.28 112.31 213.89 113.10 241.68
00992 0.703767 239.49 191.06 238.19 166.16 150.11 170.79 151.42 195.68
00993 0.904758 373.31 209.35 372.64 183.06 319.04 184.42 319.71 210.72
00994 0.907396 438.14 207.41 436.72 181.78 383.23 184.73 384.64 210.36
01012 0.618235 211.29 512.11 228.83 510.88 225.51 463.45 207.97 464.68
01015 0.698871 145.95 46.95 167.39 45.14 163.54 -0.46 142.10 1.35
01015 0.604704 251.51 83.68 272.70 82.09 267.34 10.85 246.15 12.44
01022 0.365380 311.75 433.89 332.13 436.90 340.12 382.78 319.73 379.77
01033 0.359416 360.37 9.07 361.10 0.32 338.42 -1.57 337.69 7.18
01034 0.676495 302.18 60.67 323.30 61.51 325.25 12.59 304.13 11.75
01037 0.810202 298.28 411.80 322.59 413.37 326.17 357.85 301.85 356.28
01043 0.649080 493.73 472.42 521.53 463.92 503.15 403.88 475.36 412.39
01044 0.721027 481.28 392.84 507.62 379.11 481.33 328.69 454.99 342.42
01045 0.772039 412.41 264.79 432.20 242.65 392.67 207.30 372.87 229.44
01046 0.875466 436.18 228.46 454.60 202.47 412.35 172.52 393.93 198.51
01047 0.820474 426.67 143.01 438.22 114.72 393.09 96.31 381.54 124.60
01048 0.700356 357.82 81.43 363.93 53.81 315.13 43.02 309.02 70.64
01049 0.865116 240.25 77.72 244.47 48.86 198.48 42.14 194.26 71.00
01051 0.745511 73.35 126.82 76.69 95.50 24.11 89.89 20.77 121.22
01063 0.743140 497.04 341.20 500.16 320.26 456.56 313.78 453.45 334.72
01089 0.857275 385.53 149.68 404.40 152.66 412.60 100.82 393.73 97.84
01090 0.670516 124.98 284.32 145.46 280.08 134.12 225.34 113.63 229.58
01094 0.651193 79.75 78.84 101.65 98.91 133.99 63.62 112.09 43.55
01098 0.703764 83.34 377.70 99.10 368.55 75.51 327.95 59.75 337.11
01106 0.898859 351.26 243.34 372.32 237.04 357.60 187.83 336.53 194.14
01106 0.841629 460.35 211.31 481.76 204.01 463.05 149.09 441.63 156.38
01107 0.897536 311.62 522.44 334.26 508.92 303.68 457.69 281.04 471.20
01107 0.896985 439.46 490.20 465.31 475.00 429.76 414.52 403.92 429.71
01109 0.406170 564.89 367.55 576.36 356.72 554.07 333.11 542.60 343.94
01109 0.364803 579.94 392.45 592.55 380.94 573.01 359.52 560.39 371.03
01127 0.360518 63.17 170.94 62.67 161.05 42.69 162.05 43.18 171.94
01128 0.370485 284.53 400.14 277.43 390.87 255.90 407.34 263.00 416.62
01128 0.337832 -0.69 319.70 9.02 319.27 7.66 288.60 -2.05 289.03
01128 0.330350 102.34 274.10 97.32 265.88 80.77 275.99 85.79 284.21
01137 0.333879 215.11 344.57 225.69 316.09 213.14 311.43 202.56 339.91
01139 0.385275 257.50 426.87 269.00 431.54 281.42 400.96 269.92 396.29
01142 0.726323 68.70 416.03 61.69 404.15 36.86 418.80 43.87 430.69
01143 0.793046 164.95 377.43 160.27 363.94 132.06 373.73 136.75 387.22
01144 0.756581 248.44 358.89 246.00 344.07 216.85 348.87 219.29 363.69
01145 0.835103 106.30 310.61 117.52 303.25 102.13 279.79 90.91 287.16
01145 0.445859 353.37 353.49 353.25 337.97 322.86 338.19 322.98 353.72
01146 0.803389 178.03 293.49 190.35 286.35 174.63 259.24 162.31 266.38
01146 0.757592 161.50 297.70 173.30 291.95 161.05 266.79 149.25 272.53
01146 0.338115 405.04 364.70 405.87 349.34 377.02 347.77 376.18 363.13
01147 0.845161 151.89 359.35 164.37 353.25 151.08 326.09 138.60 332.19
01147 0.842643 412.88 437.88 414.09 421.16 381.83 418.84 380.62 435.56
01147 0.423899 166.86 351.67 179.62 344.94 165.75 318.64 152.99 325.36
01148 0.478027 140.71 437.32 153.44 431.51 140.25 402.62 127.51 408.44
01149 0.651445 243.43 240.90 252.85 246.12 264.21 225.59 254.79 220.37
01149 0.522479 293.89 222.86 299.36 214.62 282.42 203.38 276.96 211.62
01150 0.806196 242.01 329.03 253.78 333.85 264.54 307.57 252.77 302.75
01150 0.536254 257.05 344.21 268.56 346.55 273.61 321.68 262.10 319.34
01150 0.468730 230.57 297.46 244.37 306.40 260.11 282.13 246.31 273.18
01150 0.431775 317.00 296.09 321.77 284.85 295.66 273.78 290.90 285.01
01151 0.923658 180.03 382.37 193.74 392.46 211.88 367.81 198.17 357.72
01151 0.865175 195.30 422.75 208.65 427.43 219.16 397.43 205.81 392.75
01151 0.630331 504.24 117.63 498.63 106.58 475.50 118.32 481.11 129.37
01152 0.804244 292.17 483.88 305.34 490.80 321.06 460.87 307.89 453.96
01152 0.603852 282.72 438.71 296.05 450.99 317.31 427.90 303.98 415.62
01152 0.438893 309.66 501.71 322.70 505.23 330.10 477.80 317.07 474.28
01153 0.854183 406.25 479.00 395.21 466.23 369.26 488.65 380.30 501.42
01153 0.412291 468.85 509.32 477.85 497.12 448.03 475.13 439.03 487.33
01157 0.733458 472.26 480.89 486.49 477.42 478.87 446.13 464.64 449.60
01158 0.413085 575.45 342.36 580.20 330.73 554.23 320.13 549.48 331.76
01161 0.644981 7.11 473.82 22.40 471.66 17.79 439.04 2.50 441.20
01163 0.475569 425.24 371.38 426.08 358.01 399.44 356.32 398.59 369.70
01170 0.399291 142.53 499.03 146.29 489.93 126.71 481.83 122.94 490.92
01171 0.433761 215.72 466.37 219.90 458.08 202.36 449.25 198.19 457.54
01172 0.589161 250.76 457.94 255.41 449.94 238.37 440.04 233.72 448.04
01173 0.722939 338.17 468.30 345.17 460.88 329.64 446.22 322.64 453.64
01174 0.572953 443.07 509.19 451.96 503.85 441.21 485.93 432.32 491.27
01176 0.618650 81.70 466.72 84.27 453.14 57.62 448.11 55.05 461.69
01177 0.735604 252.55 439.83 259.34 429.05 237.85 415.53 231.07 426.31
01179 0.797640 283.62 499.03 292.76 488.52 270.71 469.33 261.56 479.84
01179 0.472754 640.24 391.94 638.71 380.95 619.83 383.59 621.37 394.58
01180 0.456201 330.40 95.86 331.60 86.96 312.79 84.44 311.60 93.33
01182 0.302779 31.50 206.24 31.17 190.12 2.58 190.70 2.90 206.82
01189 0.597448 437.19 91.73 443.61 84.55 429.75 72.15 423.33 79.33
01189 0.394616 325.67 46.95 331.82 42.33 320.57 27.34 314.42 31.96
01189 0.382764 332.41 40.50 338.62 35.52 328.18 22.50 321.97 27.48
01189 0.350939 267.08 144.30 265.19 134.19 245.61 137.84 247.50 147.96
01189 0.322067 315.68 48.93 321.89 44.49 313.28 32.45 307.07 36.90
01191 0.464868 423.78 163.70 432.64 154.07 414.13 137.03 405.26 146.67
01191 0.397686 322.06 107.51 328.77 102.79 319.32 89.36 312.61 94.08
01191 0.336400 396.29 225.90 403.71 223.15 398.53 209.17 391.11 211.92
01192 0.781144 551.65 249.82 561.29 240.54 542.11 220.62 532.47 229.90
01193 0.662250 512.42 299.12 522.25 289.88 502.16 268.54 492.34 277.79
01193 0.549771 262.99 195.76 259.15 188.50 242.13 197.51 245.96 204.76
01193 0.460029 483.37 400.43 493.12 395.50 483.63 376.75 473.88 381.68
01194 0.751936 535.91 355.21 546.91 345.84 526.05 321.36 515.06 330.73
01194 0.697268 276.92 233.91 272.06 225.33 251.19 237.15 256.05 245.73
01194 0.610586 506.95 464.15 516.09 458.59 503.92 438.59 494.78 444.16
01194 0.462844 617.45 483.17 631.33 473.47 611.30 444.79 597.42 454.49
01194 0.419099 547.25 341.90 556.18 334.05 538.84 314.31 529.91 322.15
01198 0.771285 166.15 149.69 175.67 146.12 168.78 127.77 159.26 131.35
01199 0.301700 355.78 144.40 366.39 143.81 365.26 123.68 354.66 124.27
01202 0.544627 559.09 493.66 572.53 492.84 570.70 463.03 557.26 463.86
01210 0.471804 175.04 494.97 186.52 495.98 188.63 472.01 177.15 471.00
01220 0.318538 464.52 432.66 467.53 420.68 442.55 414.41 439.54 426.39
01252 0.462744 294.79 309.11 286.99 299.91 269.49 314.76 277.30 323.96
01254 0.583412 259.09 416.45 269.89 425.73 286.13 406.81 275.32 397.54
01255 0.503928 251.29 482.01 263.92 492.10 281.29 470.35 268.65 460.26
01257 0.441004 449.87 376.99 457.15 368.30 439.92 353.89 432.65 362.59
01259 0.493012 475.19 505.69 484.38 495.42 461.49 474.94 452.30 485.22
01284 0.646796 354.26 376.38 369.97 370.89 357.71 335.80 341.99 341.29
01284 0.410741 380.24 373.53 393.44 368.02 380.00 335.82 366.81 341.32
01285 0.487748 351.08 376.84 366.26 371.13 352.96 335.71 337.78 341.42
01285 0.355917 103.27 430.14 101.79 415.84 72.64 418.86 74.13 433.17
01286 0.821754 368.92 373.71 383.84 365.01 364.15 331.25 349.23 339.96
01286 0.691333 390.89 364.31 403.21 357.06 386.45 328.55 374.13 335.80
01286 0.428448 127.65 457.96 123.70 444.20 95.14 452.40 99.10 466.17
01286 0.382016 315.80 337.77 309.54 323.90 277.09 338.56 283.35 352.42
01286 0.361281 305.67 322.22 299.91 310.36 269.13 325.30 274.89 337.16
01287 0.732742 405.07 353.19 417.70 341.02 391.21 313.52 378.58 325.69
01287 0.645415 423.89 341.10 434.82 330.28 410.41 305.61 399.47 316.43
01287 0.441878 332.82 316.12 323.19 305.10 296.68 328.27 306.32 339.29
01287 0.343846 411.14 199.54 405.46 188.34 378.37 202.07 384.05 213.27
01288 0.593101 289.57 330.39 302.25 338.64 321.40 309.23 308.73 300.97
01288 0.496942 339.66 203.03 348.80 211.19 368.83 188.78 359.69 180.62
01288 0.409214 382.08 204.34 372.88 194.92 349.60 217.65 358.81 227.08
01288 0.381425 329.17 189.04 338.11 197.46 358.93 175.36 349.98 166.94
01289 0.697967 329.48 228.37 346.64 202.14 335.68 194.97 318.52 221.20
01289 0.576017 303.91 209.17 315.08 215.23 329.64 188.41 318.47 182.34
01289 0.557939 223.22 335.36 238.12 341.19 251.36 307.32 236.46 301.50
01289 0.454321 209.42 324.30 223.95 329.29 235.48 295.71 220.95 290.72
01289 0.441839 300.45 205.46 316.37 178.24 304.46 171.28 288.55 198.49
01289 0.370915 197.04 305.00 210.96 309.72 222.28 276.31 208.36 271.59
01289 0.341935 192.39 508.94 203.06 513.90 214.15 490.02 203.48 485.06
01290 0.790000 312.25 349.27 327.27 350.81 330.86 316.00 315.85 314.45
01290 0.699993 212.44 326.30 226.79 327.97 230.95 292.24 216.61 290.57
01290 0.692507 247.33 347.17 263.22 349.22 267.47 316.34 251.58 314.29
01290 0.669271 280.18 205.67 292.62 209.31 301.57 178.78 289.13 175.13
01290 0.630709 296.33 212.64 308.10 215.93 315.92 187.97 304.15 184.67
01290 0.530820 328.41 352.44 343.74 355.08 349.66 320.69 334.34 318.06
01290 0.523889 312.52 223.73 324.20 228.10 335.53 197.86 323.85 193.48
01290 0.443673 228.83 339.79 243.49 341.62 248.03 305.27 233.37 303.44
01291 0.886146 344.59 342.89 358.89 341.76 356.19 307.86 341.90 308.99
01291 0.808564 361.66 342.82 376.25 342.48 375.46 308.15 360.87 308.48
01291 0.775170 317.38 219.16 328.92 220.96 333.59 190.94 322.06 189.14
01291 0.608823 298.68 211.74 310.79 212.84 313.43 183.68 301.32 182.58
01291 0.459848 280.68 208.21 293.00 209.44 296.14 178.04 283.82 176.81
01291 0.311323 240.49 337.17 255.17 335.96 252.22 300.04 237.53 301.24
01292 0.900569 265.87 348.20 281.53 343.89 272.00 309.25 256.34 313.55
01292 0.880230 369.45 335.35 383.79 331.05 373.80 297.77 359.46 302.08
01292 0.776552 474.28 513.57 491.20 510.51 487.56 490.39 470.64 493.45
01292 0.771410 275.43 211.65 288.03 211.24 287.03 180.02 274.43 180.43
01292 0.768206 293.75 214.74 306.42 213.92 304.48 183.80 291.81 184.62
01292 0.636913 290.81 357.38 305.56 352.67 293.42 314.59 278.67 319.30
01292 0.610197 385.42 331.73 400.11 328.32 392.42 295.16 377.73 298.56
01292 0.522269 393.53 513.66 404.98 511.23 400.91 492.00 389.46 494.43
01292 0.475426 313.40 219.64 326.48 219.47 326.06 186.96 312.97 187.13
01292 0.424235 430.75 241.77 427.83 229.30 394.98 237.02 397.91 249.49
01292 0.352736 309.87 359.45 324.92 356.36 317.91 322.29 302.86 325.38
01293 0.835233 292.04 361.65 305.87 354.04 287.83 321.27 274.01 328.88
01293 0.832406 529.90 496.20 544.95 490.67 533.93 460.66 518.88 466.19
01293 0.808869 388.98 330.72 402.18 323.54 385.56 293.00 372.36 300.18
01293 0.705368 281.53 218.79 274.33 188.56 261.64 191.59 268.84 221.81
01293 0.626956 405.76 324.23 418.35 317.60 401.91 286.37 389.32 293.00
01293 0.616888 316.01 363.78 330.02 355.64 311.32 323.42 297.30 331.56
01293 0.464155 290.48 224.21 302.89 220.11 292.31 188.07 279.90 192.17
01293 0.460744 309.32 224.47 321.72 221.49 314.14 190.06 301.75 193.04
01293 0.355761 427.90 227.30 422.25 215.61 394.08 229.23 399.73 240.92
01294 0.789388 324.74 365.07 338.47 355.04 315.17 323.11 301.43 333.14
01294 0.752865 415.36 321.84 427.48 312.63 406.31 284.74 394.18 293.95
01294 0.727190 429.66 313.00 441.42 304.85 421.96 276.76 410.20 284.91
01294 0.555950 572.42 467.12 586.92 459.77 572.55 431.42 558.04 438.78
01294 0.505802 349.96 362.65 362.61 352.68 339.72 323.65 327.07 333.61
01294 0.454836 501.64 484.94 512.66 477.52 497.85 455.50 486.83 462.91
01294 0.407370 369.48 358.16 381.93 348.97 361.73 321.58 349.28 330.77
01294 0.354608 487.53 504.09 498.33 495.94 481.06 473.06 470.26 481.21
01294 0.345152 300.01 226.49 311.64 221.55 299.47 192.95 287.84 197.90
01294 0.315074 279.53 229.98 292.85 225.38 281.61 192.81 268.29 197.41
01294 0.313797 436.07 218.52 429.75 207.84 404.32 222.91 410.64 233.58
01295 0.742625 347.52 360.93 359.61 349.06 332.57 321.52 320.48 333.39
01295 0.718809 598.48 435.23 611.65 426.19 594.47 401.14 581.29 410.17
01295 0.714228 429.87 311.85 441.69 300.11 417.25 275.50 405.42 287.24
01295 0.667489 284.12 230.64 296.75 224.51 282.78 195.70 270.15 201.83
01295 0.437756 324.80 224.83 335.95 218.65 320.50 190.79 309.36 196.97
01295 0.426523 303.78 228.23 315.88 221.96 300.42 192.15 288.32 198.42
01295 0.389971 373.11 357.53 384.09 346.10 355.86 318.97 344.88 330.40
01295 0.348155 436.39 205.85 429.33 196.85 406.80 214.53 413.86 223.53
01295 0.335901 521.87 479.86 531.37 471.23 513.43 451.47 503.93 460.10
01295 0.326880 387.43 345.83 398.08 335.85 377.99 314.41 367.34 324.39
01296 0.709213 387.39 346.77 396.38 332.44 364.87 312.67 355.88 327.01
01296 0.677351 298.98 232.63 309.96 223.90 288.02 196.29 277.03 205.02
01296 0.572193 335.80 220.14 346.89 211.66 326.17 184.58 315.08 193.06
01296 0.497145 318.61 225.05 328.15 216.20 305.69 192.01 296.16 200.86
01296 0.473198 573.36 432.68 580.90 423.21 561.78 407.97 554.24 417.44
01296 0.356585 634.22 377.29 644.10 366.28 622.92 347.27 613.05 358.29
01296 0.351551 413.25 197.27 421.78 204.93 440.56 184.03 432.03 176.37
01297 0.549376 333.48 213.73 342.10 203.24 313.88 180.07 305.26 190.56
01297 0.539391 315.47 220.63 323.04 210.01 296.09 190.81 288.52 201.43
01297 0.378883 428.62 199.45 444.14 174.58 431.98 166.98 416.45 191.85
01297 0.378513 298.28 231.35 307.88 219.90 281.73 197.97 272.13 209.41
01297 0.352871 402.29 182.41 412.83 188.20 426.39 163.49 415.84 157.70
01298 0.809349 292.82 247.21 300.19 234.26 270.09 217.11 262.71 230.06
01298 0.748881 307.57 233.07 313.37 221.06 282.51 206.15 276.70 218.15
01298 0.425307 384.66 181.79 397.38 185.79 405.73 159.21 393.01 155.21
01298 0.399393 323.07 221.98 329.52 209.51 297.91 193.16 291.46 205.63
01298 0.340343 401.14 190.68 414.56 195.09 423.74 167.15 410.33 162.73
01299 0.590364 355.84 179.42 368.06 180.55 370.55 153.56 358.33 152.43
01299 0.535622 374.77 185.56 387.82 187.05 391.23 157.08 378.18 155.59
01299 0.504684 84.32 514.96 95.31 507.58 77.44 480.95 66.45 488.33
01299 0.500245 304.68 230.41 307.74 217.59 273.88 209.51 270.82 222.33
01299 0.381918 281.53 262.37 286.20 248.56 253.22 237.40 248.55 251.21
01300 0.621973 347.00 191.45 361.11 190.37 358.66 158.31 344.55 159.39
01300 0.509939 339.69 188.08 337.49 157.35 324.23 158.30 326.44 189.03
01300 0.322191 288.59 250.70 289.34 236.10 255.08 234.33 254.33 248.93
01301 0.786092 320.27 196.92 333.21 191.98 322.69 164.43 309.75 169.37
01301 0.527240 300.88 199.26 313.22 194.90 302.85 165.58 290.51 169.95
01301 0.406700 401.21 202.41 398.16 188.89 363.39 196.71 366.43 210.23
01302 0.776409 369.08 196.31 363.80 184.49 335.01 197.35 340.30 209.17
01302 0.697917 378.90 208.67 371.67 195.85 343.00 212.02 350.24 224.84
01302 0.613994 270.56 301.13 265.37 288.58 233.42 301.79 238.61 314.34
01302 0.472258 272.53 211.35 283.51 204.33 267.67 179.57 256.69 186.59
01302 0.376601 273.05 322.27 267.86 308.21 234.64 320.47 239.83 334.53
01303 0.719978 270.57 314.14 262.59 302.43 234.25 321.74 242.23 333.45
01303 0.682583 341.22 191.92 333.88 181.77 308.77 199.94 316.10 210.08
01303 0.562690 276.84 333.57 268.98 321.31 240.23 339.75 248.09 352.01
01303 0.517412 248.67 224.88 258.27 215.80 238.17 194.57 228.57 203.66
01303 0.494255 353.23 201.91 343.65 191.24 319.18 213.24 328.76 223.90
01303 0.302721 266.65 216.67 276.67 206.71 255.05 184.96 245.03 194.93
01304 0.849009 281.61 208.03 292.53 216.46 311.99 191.25 301.07 182.82
01304 0.759229 296.21 218.10 307.47 225.57 325.01 199.11 313.75 191.64
01304 0.580322 237.85 341.99 248.70 351.58 271.16 326.16 260.31 316.57
01304 0.523840 283.21 345.09 272.77 334.37 249.02 357.49 259.45 368.22
01304 0.427741 372.71 273.11 385.31 279.60 402.18 246.84 389.58 240.35
01304 0.421154 246.09 229.32 253.66 215.55 223.82 199.13 216.24 212.90
01304 0.409075 258.83 310.40 249.62 300.71 225.31 323.80 234.52 333.49
01304 0.404891 228.79 241.48 236.03 229.46 209.23 213.31 201.99 225.34
01304 0.322978 363.21 256.53 375.48 262.09 390.43 229.13 378.16 223.56
01305 0.872310 279.12 226.36 292.76 231.74 305.94 198.32 292.30 192.94
01305 0.826671 262.97 219.95 275.77 225.70 289.38 195.39 276.58 189.64
01305 0.680739 365.85 268.44 379.37 272.29 388.77 239.28 375.25 235.43
01305 0.623329 263.44 373.68 276.01 381.69 295.09 351.74 282.53 343.74
01305 0.587761 250.57 359.12 262.13 365.91 279.21 336.84 267.65 330.05
01305 0.466405 352.05 252.49 365.93 255.95 374.93 219.85 361.05 216.39
01305 0.349310 335.63 238.96 347.39 243.98 358.67 217.52 346.91 212.51
01306 0.845661 248.06 234.68 261.68 238.12 270.41 203.52 256.79 200.08
01306 0.833793 265.88 238.91 279.93 241.49 286.51 205.56 272.47 202.99
01306 0.518038 372.14 267.37 376.70 232.63 362.70 230.79 358.15 265.53
01306 0.389191 281.22 388.04 295.11 393.72 308.20 361.70 294.31 356.02
01306 0.380308 648.93 292.36 638.75 279.66 620.67 294.15 630.85 306.85
01306 0.355803 323.91 241.15 337.24 243.51 342.64 213.04 329.31 210.68
01307 0.847230 239.66 251.25 253.20 252.05 255.20 218.13 241.67 217.33
01307 0.791245 306.32 399.25 319.85 401.23 324.79 367.46 311.27 365.48
01307 0.747682 288.40 390.16 302.06 391.51 305.44 357.33 291.77 355.98
01307 0.648502 258.33 252.39 271.60 252.45 271.74 218.71 258.48 218.65
01307 0.621413 315.73 247.31 329.53 247.59 330.23 212.64 316.43 212.37
01307 0.493759 599.17 510.63 608.61 516.94 622.19 496.63 612.75 490.32
01307 0.374697 265.19 380.00 278.80 382.81 285.64 349.64 272.03 346.83
01308 0.905063 242.70 266.31 256.63 265.14 253.75 230.66 239.83 231.82
01308 0.848288 340.39 404.48 354.77 404.44 354.66 369.55 340.29 369.59
01308 0.665257 321.64 399.51 334.78 398.57 332.22 362.94 319.08 363.89
01308 0.543627 260.98 265.88 274.26 264.18 269.59 227.69 256.31 229.39
01308 0.467459 310.67 393.81 311.88 358.90 296.76 358.37 295.55 393.28
01308 0.430569 316.87 249.11 330.36 247.91 327.43 214.96 313.94 216.16
01309 0.812698 373.38 413.28 387.67 409.79 379.19 375.07 364.90 378.57
01309 0.769180 352.32 411.76 366.74 407.67 356.86 372.91 342.44 377.00
01309 0.739171 262.13 289.44 276.05 284.15 262.07 247.39 248.15 252.69
01309 0.699821 243.63 294.30 257.13 290.31 246.71 255.09 233.21 259.08
01309 0.589599 313.57 264.21 327.39 259.43 316.42 227.65 302.59 232.42
01309 0.586781 242.12 333.58 237.79 319.88 200.55 331.67 204.89 345.36
01309 0.486371 241.36 357.06 237.57 343.51 204.12 352.85 207.90 366.40
01310 0.762245 374.17 497.57 387.10 490.75 369.74 457.85 356.81 464.67
01310 0.699195 352.36 500.45 365.79 493.16 348.02 460.41 334.59 467.70
01310 0.626471 209.59 401.61 222.90 393.36 203.05 361.37 189.75 369.62
01310 0.516242 224.55 470.67 217.02 458.30 186.26 477.02 193.79 489.39
01310 0.448193 215.95 446.68 208.47 435.02 176.04 455.82 183.52 467.49
01318 0.404386 439.37 258.56 455.17 272.74 489.01 235.04 473.22 220.86
01320 0.413270 520.59 335.92 511.29 315.84 460.52 339.37 469.82 359.45
01338 0.807001 224.82 35.04 235.13 35.73 236.50 15.07 226.20 14.38
01338 0.781610 170.71 37.57 181.75 39.18 184.83 18.16 173.78 16.54
01338 0.737211 156.32 39.92 166.38 40.73 168.07 19.78 158.01 18.97
01338 0.612007 211.24 35.56 221.49 36.34 222.91 17.60 212.66 16.82
01338 0.511430 279.63 27.79 289.77 28.21 290.61 7.81 280.48 7.39
01339 0.808068 149.90 90.01 162.33 91.14 164.61 66.08 152.19 64.95
01339 0.745874 133.23 94.24 145.10 94.78 146.28 69.07 134.41 68.53
01339 0.617691 207.95 87.79 219.40 88.44 220.73 65.35 209.27 64.69
01339 0.514089 267.07 77.76 278.66 78.71 280.44 56.80 268.84 55.86
01339 0.502598 192.69 88.33 204.23 89.32 206.09 67.55 194.56 66.57
01340 0.823295 114.37 151.56 127.78 151.58 127.83 123.57 114.41 123.55
01340 0.773311 193.23 145.59 206.49 146.58 208.55 119.15 195.29 118.16
01340 0.750808 257.71 134.02 269.75 134.84 271.40 110.54 259.37 109.72
01340 0.690275 177.78 145.04 190.62 145.84 192.19 120.80 179.35 119.99
01340 0.668520 132.19 148.50 145.96 149.34 147.74 120.03 133.98 119.19
01341 0.883969 207.05 183.83 221.23 185.92 225.64 155.96 211.46 153.87
01341 0.879958 190.53 184.28 204.43 186.20 208.47 156.85 194.56 154.94
01341 0.872966 126.42 182.79 140.01 183.77 142.17 153.81 128.58 152.83
01341 0.829819 274.82 175.71 287.77 177.66 291.74 151.43 278.79 149.47
01341 0.775240 143.54 180.10 157.51 182.59 162.88 152.45 148.91 149.96
01342 0.868567 245.26 188.00 258.64 191.82 267.01 162.54 253.63 158.72
01342 0.833744 181.86 175.79 196.07 180.79 206.44 151.32 192.23 146.31
01342 0.817621 228.82 185.78 241.39 189.67 249.95 162.00 237.37 158.11
01342 0.814332 164.49 176.46 177.84 179.85 185.41 149.98 172.07 146.60
01342 0.768622 313.03 191.59 326.32 195.65 334.83 167.81 321.54 163.75
01343 0.871878 215.15 164.61 228.17 172.58 245.51 144.24 232.49 136.28
01343 0.842754 259.50 182.21 271.26 188.93 286.53 162.19 274.77 155.48
01343 0.817568 199.24 161.97 211.76 167.60 224.51 139.27 211.99 133.64
01343 0.792785 274.75 187.62 287.16 194.68 303.01 166.82 290.60 159.76
01343 0.717132 342.21 201.52 354.61 208.17 369.05 181.27 356.64 174.62
01344 0.819522 214.94 162.45 225.51 171.24 246.32 146.22 235.74 137.43
01344 0.801640 232.43 168.17 242.76 177.52 264.84 153.11 254.50 143.76
01344 0.669136 283.65 201.98 293.90 211.63 315.89 188.29 305.64 178.64
01344 0.665924 302.48 182.56 292.81 172.51 271.02 193.46 280.68 203.51
01344 0.487695 348.79 230.98 359.18 239.58 379.51 215.01 369.11 206.41
01344 0.382962 401.65 22.47 396.93 10.84 374.29 20.03 379.00 31.66
01345 0.807501 309.32 208.88 301.87 197.71 274.84 215.74 282.28 226.90
01345 0.784674 277.54 176.20 269.26 164.97 242.61 184.60 250.89 195.83
01345 0.747287 259.31 164.73 250.52 155.29 226.60 177.56 235.39 187.00
01345 0.700091 449.76 61.47 447.25 48.43 422.12 53.26 424.62 66.30
01345 0.643337 320.46 218.01 312.59 207.08 285.53 226.57 293.41 237.50
01345 0.359832 378.67 258.93 370.67 247.10 343.76 265.27 351.75 277.11
01381 0.315385 563.19 449.36 558.40 442.27 542.26 453.17 547.05 460.26
01384 0.306153 13.38 311.39 22.73 309.37 18.46 289.63 9.11 291.65
01389 0.658938 239.80 129.61 233.61 119.57 208.21 135.22 214.40 145.26
01400 0.601093 240.08 203.55 233.42 193.14 207.36 209.81 214.02 220.22
01403 0.724137 262.41 268.69 255.97 258.86 230.62 275.47 237.07 285.31
01404 0.775935 299.11 336.13 292.76 326.54 267.41 343.33 273.76 352.92
01405 0.753142 328.55 394.85 322.52 385.82 298.12 402.12 304.15 411.15
01405 0.433103 417.90 101.50 427.24 99.94 423.27 76.13 413.94 77.68
01406 0.604711 340.32 468.74 333.70 458.97 309.06 475.67 315.68 485.44
01406 0.601715 432.07 176.54 442.65 174.41 437.30 147.82 426.73 149.95
01407 0.400846 437.19 236.17 447.43 234.64 443.78 210.10 433.55 211.63
01409 0.357897 432.93 337.55 442.79 335.76 438.31 311.08 428.45 312.87
01416 0.617644 606.76 323.72 611.60 313.20 587.25 302.00 582.41 312.52
01433 0.305643 440.85 181.57 434.33 174.77 417.77 190.63 424.29 197.43
01434 0.562338 585.40 25.09 592.06 31.19 604.73 17.34 598.07 11.25
01437 0.468869 618.50 154.52 626.79 158.41 635.91 138.98 627.63 135.09
01438 0.306837 588.17 165.93 597.69 167.89 602.31 145.48 592.80 143.51
01439 0.394818 539.26 194.22 549.83 194.40 550.23 170.55 539.67 170.37
01440 0.492443 84.09 388.62 94.91 386.30 89.74 362.24 78.93 364.56
01443 0.395874 396.98 321.98 404.03 328.44 418.74 312.39 411.69 305.92
01444 0.420828 379.24 389.00 386.44 394.59 399.34 377.97 392.14 372.38
01448 0.315141 176.04 423.28 182.33 416.14 166.81 402.47 160.52 409.60
01465 0.345567 113.61 366.05 123.13 366.25 123.58 344.41 114.06 344.22
01470 0.408435 60.82 80.72 60.86 67.53 32.01 67.44 31.97 80.63
01472 0.378086 155.52 374.04 165.03 369.50 155.43 349.37 145.92 353.91
01501 0.406956 507.03 291.27 512.78 291.56 513.53 276.29 507.78 276.01
01501 0.373111 528.25 290.21 534.08 290.10 533.78 275.22 527.96 275.33
