00004 0.588191 214.00 72.73 220.10 72.70 220.05 61.82 213.94 61.85
00015 0.868079 281.21 247.39 287.60 249.25 290.82 238.16 284.43 236.30
00023 0.514776 191.08 179.82 197.00 175.56 188.54 163.81 182.62 168.07
00042 0.738896 355.31 324.59 360.42 325.03 361.25 315.55 356.14 315.10
00049 0.504742 224.19 298.20 229.89 298.72 230.93 287.54 225.23 287.01
00099 0.570356 340.18 252.32 345.98 254.24 349.59 243.31 343.79 241.39
00100 0.669989 413.81 47.85 419.64 49.49 422.70 38.56 416.87 36.93
00101 0.576599 242.12 125.16 248.33 127.02 251.83 115.29 245.62 113.44
00188 0.540134 407.86 345.46 406.53 336.48 386.23 339.48 387.56 348.46
00248 0.375280 269.34 158.66 274.24 155.57 268.97 147.21 264.06 150.30
00249 0.400024 268.79 158.30 274.66 154.87 268.81 144.82 262.93 148.24
00320 0.528184 77.42 407.70 87.43 390.68 78.36 385.34 68.34 402.36
00321 0.583936 108.51 319.76 115.29 325.69 128.39 310.69 121.60 304.76
00328 0.693523 440.13 32.00 448.76 31.41 447.54 13.69 438.92 14.29
00332 0.365002 432.14 325.84 440.94 325.20 439.92 311.35 431.12 312.00
00333 0.559830 159.90 475.53 171.44 475.74 171.82 454.94 160.28 454.73
00351 0.434573 115.41 156.39 123.24 160.08 130.09 145.54 122.25 141.85
00352 0.781433 54.14 322.36 62.75 324.84 67.98 306.68 59.37 304.20
00352 0.389261 301.43 396.21 309.59 397.06 310.92 384.25 302.76 383.41
00353 0.520127 158.00 131.83 156.89 125.69 143.54 128.11 144.65 134.24
00354 0.523599 389.59 421.75 397.68 421.94 398.04 406.41 389.95 406.23
00355 0.519277 386.50 373.34 395.44 375.52 399.96 356.96 391.01 354.78
00357 0.305015 608.42 230.57 607.04 223.61 593.99 226.19 595.37 233.15
00358 0.532458 50.46 229.00 51.35 223.04 41.51 221.57 40.62 227.54
00361 0.308096 150.52 466.05 157.85 468.83 162.04 457.77 154.72 454.99
00378 0.307678 206.36 342.62 203.05 337.40 194.22 342.99 197.53 348.21
00381 0.572437 51.60 340.61 47.13 332.16 30.42 341.01 34.89 349.46
00386 0.335540 401.56 196.49 408.22 196.72 408.76 181.66 402.10 181.43
00393 0.732910 323.52 312.71 330.50 312.87 330.83 298.53 323.85 298.38
00394 0.649130 336.30 272.22 343.37 272.34 343.60 259.32 336.53 259.20
00395 0.799063 355.73 252.70 363.38 252.69 363.35 237.28 355.70 237.30
00395 0.581805 261.53 274.26 268.66 275.09 270.48 259.53 263.34 258.70
00396 0.377346 389.30 200.51 396.54 200.86 397.21 187.10 389.97 186.75
00416 0.436528 71.83 92.18 71.24 86.29 60.60 87.37 61.19 93.25
00443 0.723343 301.40 280.11 306.91 276.40 300.79 267.30 295.28 271.01
00444 0.357441 390.47 281.21 396.06 275.46 386.23 265.90 380.63 271.65
00447 0.388359 542.72 310.39 548.53 305.29 540.33 295.97 534.53 301.07
00448 0.346896 581.22 327.48 586.50 322.42 577.66 313.21 572.39 318.28
00456 0.344616 44.28 45.89 47.93 41.17 40.08 35.09 36.42 39.81
00471 0.464086 177.50 62.15 184.10 61.12 182.35 49.90 175.75 50.94
00472 0.358891 198.25 118.81 205.32 118.10 204.00 104.88 196.92 105.59
00475 0.599373 246.14 428.27 256.46 424.23 249.57 406.65 239.25 410.70
00477 0.302295 480.61 374.55 486.49 365.78 470.44 355.01 464.55 363.78
00478 0.726746 186.59 40.20 193.42 38.00 189.99 27.34 183.16 29.54
00478 0.327726 468.50 436.09 474.34 430.38 461.93 417.68 456.09 423.39
00479 0.723597 188.91 187.66 197.23 184.22 191.30 169.90 182.99 173.34
00480 0.618435 209.92 296.87 219.15 296.48 218.45 280.37 209.22 280.77
00481 0.831008 230.77 386.05 239.84 382.12 231.98 363.99 222.91 367.92
00482 0.704431 255.75 508.80 267.30 503.73 257.04 480.34 245.49 485.41
00486 0.548757 324.41 435.46 332.76 430.43 322.46 413.30 314.10 418.33
00487 0.664057 298.82 442.78 305.46 441.90 303.43 426.59 296.79 427.48
00487 0.486476 578.77 52.06 588.61 52.37 589.26 31.75 579.41 31.44
00488 0.542988 288.79 467.90 295.12 467.19 293.44 452.17 287.12 452.87
00488 0.489534 595.53 102.12 606.65 103.22 608.76 82.01 597.64 80.90
00489 0.644201 276.39 461.39 283.83 460.17 281.35 445.08 273.92 446.30
00490 0.708414 281.89 417.12 288.56 416.55 287.11 399.91 280.45 400.48
00490 0.399132 613.97 162.83 625.07 159.06 618.12 138.58 607.02 142.34
00490 0.310383 460.49 383.39 465.29 375.27 448.94 365.62 444.14 373.74
00491 0.565230 271.88 299.95 280.29 301.10 282.47 285.15 274.07 284.00
00494 0.353686 282.41 351.60 289.83 350.18 286.63 333.40 279.21 334.82
00495 0.686725 267.22 342.50 273.80 339.77 268.50 327.00 261.92 329.73
00497 0.524879 240.17 368.42 248.25 363.12 239.30 349.49 231.23 354.79
00498 0.348752 96.90 360.41 104.31 360.64 104.70 348.01 97.29 347.78
00509 0.330520 295.76 394.96 300.82 394.09 299.28 385.10 294.22 385.97
00511 0.302315 205.08 88.15 210.17 85.16 206.10 78.22 201.01 81.21
00512 0.359382 83.56 101.08 88.03 98.62 84.18 91.60 79.70 94.06
00514 0.597023 503.93 496.41 508.76 489.98 497.85 481.79 493.02 488.21
00525 0.382337 335.82 178.75 330.63 168.68 312.41 178.08 317.60 188.15
00526 0.733659 238.61 217.11 231.83 209.08 215.58 222.78 222.36 230.82
00528 0.668258 136.01 321.49 128.77 313.31 112.20 327.98 119.44 336.16
00530 0.526868 83.06 374.05 75.10 364.02 59.33 376.54 67.29 386.57
00540 0.594968 281.90 35.92 280.25 25.98 260.31 29.30 261.97 39.24
00547 0.442770 339.19 340.15 345.88 340.57 346.61 329.11 339.92 328.68
00557 0.355579 412.62 358.63 418.53 360.61 421.92 350.49 416.01 348.51
00558 0.383099 443.76 459.35 449.53 461.04 452.90 449.54 447.12 447.85
00574 0.309687 47.44 264.33 50.09 258.89 41.50 254.71 38.85 260.14
00587 0.937935 327.18 291.84 332.37 287.04 318.02 271.51 312.83 276.31
00587 0.937399 331.08 279.22 336.41 273.40 322.89 260.99 317.55 266.81
00587 0.805359 313.97 312.27 320.30 309.64 313.61 293.52 307.28 296.15
00587 0.790782 322.54 307.74 328.47 305.10 321.00 288.32 315.07 290.96
00587 0.784252 368.08 265.58 373.52 260.93 360.16 245.33 354.73 249.98
00587 0.708819 362.00 272.95 367.28 268.05 352.65 252.33 347.38 257.23
00587 0.704822 348.55 282.79 354.01 278.47 341.55 262.73 336.09 267.06
00587 0.566904 356.72 276.91 361.60 272.57 348.23 257.57 343.36 261.91
00587 0.435656 344.67 299.94 350.24 295.83 339.50 281.30 333.94 285.41
00593 0.934134 81.10 383.03 77.80 374.60 62.63 380.53 65.92 388.96
00594 0.863869 182.82 458.68 177.27 451.51 165.66 460.50 171.21 467.67
00595 0.927434 275.29 498.81 284.02 502.39 290.53 486.53 281.80 482.94
00596 0.842260 375.11 493.27 385.50 493.27 385.49 475.71 375.10 475.72
00597 0.484061 440.42 464.46 448.02 457.57 435.71 443.99 428.11 450.88
00598 0.882136 324.89 469.20 330.56 463.30 315.87 449.18 310.20 455.08
00598 0.870659 366.72 443.56 372.36 437.73 356.99 422.86 351.35 428.69
00598 0.814639 311.54 492.04 318.51 489.52 311.83 471.00 304.85 473.51
00598 0.791627 329.35 454.89 333.75 448.50 318.42 437.94 314.02 444.32
00598 0.694441 341.31 477.61 347.45 473.92 338.31 458.72 332.17 462.41
00598 0.645693 354.82 452.48 360.47 447.61 348.74 434.01 343.09 438.88
00598 0.591630 319.45 487.08 326.09 484.69 319.88 467.44 313.23 469.84
00598 0.490267 345.12 459.70 350.16 455.34 339.10 442.56 334.06 446.92
00598 0.479715 351.95 455.20 356.70 451.06 345.60 438.29 340.84 442.43
00598 0.462972 379.49 438.95 386.47 431.80 373.62 419.25 366.64 426.40
00599 0.824832 462.88 430.96 471.61 425.89 462.56 410.32 453.83 415.39
00600 0.782333 454.72 418.17 464.17 415.51 459.70 399.61 450.24 402.27
00601 0.816078 441.78 429.61 449.97 425.99 443.62 411.64 435.43 415.26
00602 0.371156 429.77 444.65 438.81 440.66 432.65 426.68 423.61 430.66
00603 0.501563 419.70 463.04 427.56 460.97 423.57 445.84 415.71 447.91
00605 0.888426 129.39 158.21 137.54 158.48 138.16 139.92 130.01 139.64
00606 0.868594 510.03 176.79 515.09 171.14 499.91 157.54 494.85 163.19
00606 0.854717 503.16 185.55 508.46 179.58 492.37 165.28 487.06 171.25
00606 0.819465 547.01 137.27 554.20 135.01 548.68 117.44 541.48 119.70
00606 0.796612 545.05 159.63 550.17 154.91 536.63 140.22 531.51 144.94
00606 0.782480 143.28 467.82 151.39 467.31 150.32 449.98 142.20 450.48
00606 0.730505 539.67 170.60 544.53 164.72 530.36 152.99 525.49 158.87
00606 0.664972 520.40 167.70 525.50 163.23 513.88 149.99 508.79 154.46
00606 0.574644 517.07 169.38 522.20 164.36 509.64 151.49 504.50 156.51
00606 0.564098 522.47 150.69 528.51 145.60 516.85 131.76 510.81 136.84
00606 0.558778 538.76 141.17 544.84 138.74 538.76 123.47 532.67 125.90
00606 0.486899 81.96 160.85 81.61 154.18 66.27 155.01 66.63 161.68
00607 0.893905 545.73 211.27 551.06 205.95 536.17 191.01 530.84 196.33
00607 0.828073 548.41 190.37 556.42 187.37 548.86 167.20 540.86 170.20
00607 0.821031 539.49 193.80 546.42 191.89 541.23 173.12 534.30 175.03
00607 0.810051 510.97 227.95 516.61 222.34 503.07 208.73 497.43 214.34
00607 0.756286 538.57 222.16 543.90 216.14 529.40 203.31 524.07 209.33
00607 0.745873 517.39 221.41 522.67 216.90 511.19 203.48 505.92 207.99
00607 0.702266 504.84 236.29 509.80 230.63 495.91 218.45 490.95 224.10
00607 0.438130 521.41 200.86 528.51 196.13 518.57 181.23 511.47 185.96
00608 0.829405 513.27 244.40 518.56 239.13 505.11 225.64 499.83 230.90
00608 0.811273 506.64 252.92 512.17 247.71 498.90 233.64 493.38 238.85
00608 0.809828 519.83 238.28 524.86 233.53 511.89 219.79 506.86 224.54
00608 0.794162 551.26 207.09 558.59 204.25 550.91 184.44 543.58 187.29
00608 0.761267 547.93 227.91 553.37 222.82 540.44 209.00 535.00 214.09
00608 0.730627 543.19 209.83 550.44 207.32 544.14 189.13 536.89 191.65
00608 0.681744 541.49 237.83 546.29 232.10 532.18 220.26 527.37 225.99
00608 0.492873 525.79 233.26 530.50 229.29 520.40 217.30 515.69 221.27
00608 0.317825 525.14 217.50 530.86 213.36 521.05 199.80 515.33 203.93
00610 0.856233 544.82 341.67 549.19 336.09 534.33 324.44 529.96 330.02
00610 0.828804 508.03 357.93 513.99 352.48 500.81 338.07 494.85 343.53
00610 0.772208 551.18 334.11 556.65 329.66 543.66 313.70 538.20 318.14
00610 0.707380 545.57 314.60 552.51 312.20 546.49 294.77 539.55 297.17
00610 0.692892 515.93 349.12 521.00 344.32 508.64 331.28 503.57 336.09
00610 0.625641 554.30 311.28 561.11 308.75 554.67 291.39 547.87 293.91
00610 0.420294 523.17 342.27 527.95 338.40 517.37 325.31 512.58 329.18
00611 0.829539 542.28 413.79 547.15 407.93 532.67 395.90 527.80 401.77
00611 0.798725 506.40 429.38 511.16 424.58 498.36 411.89 493.60 416.70
00611 0.716334 549.64 406.83 555.54 401.62 541.75 386.04 535.85 391.25
00611 0.711916 513.93 421.13 519.12 415.50 505.79 403.21 500.60 408.83
00611 0.593142 520.27 414.21 525.32 409.64 513.99 397.14 508.94 401.72
00611 0.392757 543.63 386.43 550.18 383.81 544.85 370.49 538.30 373.11
00611 0.347277 551.83 381.91 558.51 378.95 552.09 364.46 545.42 367.41
00611 0.328765 525.73 395.33 531.41 391.79 523.56 379.20 517.88 382.75
00611 0.306356 523.70 411.64 529.15 407.22 518.28 393.80 512.83 398.21
00612 0.817625 541.61 449.65 546.37 444.78 533.56 432.27 528.81 437.14
00612 0.760955 548.80 441.52 553.81 436.38 539.85 422.78 534.84 427.93
00612 0.736614 505.71 466.05 511.18 460.25 496.92 446.81 491.45 452.62
00612 0.630857 514.02 456.71 518.64 451.90 506.20 439.95 501.57 444.77
00612 0.627975 518.31 450.66 522.69 446.62 511.97 435.02 507.60 439.05
00612 0.618171 343.87 388.96 359.63 389.46 360.22 370.75 344.46 370.25
00612 0.580942 524.75 446.55 529.10 442.54 518.83 431.43 514.49 435.44
00613 0.618686 340.85 347.22 352.18 346.12 350.35 327.20 339.02 328.30
00615 0.806677 325.41 411.25 336.78 409.54 334.40 393.63 323.02 395.33
00616 0.832338 335.27 367.86 343.70 369.26 346.33 353.44 337.90 352.04
00616 0.332423 473.57 502.80 479.71 498.58 471.91 487.24 465.77 491.46
00617 0.549239 354.69 303.74 363.19 306.60 367.79 292.93 359.29 290.07
00618 0.849872 373.76 239.87 382.79 243.42 389.02 227.57 379.99 224.02
00619 0.673557 398.02 177.82 406.48 180.05 410.11 166.27 401.65 164.04
00620 0.774859 443.81 37.57 452.85 35.83 449.68 19.43 440.64 21.18
00622 0.595820 102.31 182.26 98.92 173.68 84.69 179.32 88.08 187.90
00631 0.904261 457.45 168.62 465.68 166.93 462.20 149.99 453.98 151.68
00634 0.786929 614.33 166.51 620.38 171.42 633.80 154.92 627.75 150.00
00634 0.668424 627.96 168.79 633.33 172.40 642.27 159.11 636.90 155.50
00634 0.623574 608.65 153.27 604.92 147.55 590.10 157.23 593.83 162.95
00634 0.598230 460.33 35.71 468.16 33.25 462.35 14.72 454.51 17.18
00634 0.506871 635.58 38.98 634.63 31.64 616.98 33.93 617.94 41.28
00634 0.470462 616.06 159.04 611.84 153.66 599.73 163.15 603.96 168.54
00634 0.341049 627.72 192.88 635.96 193.18 636.59 175.76 628.35 175.46
00634 0.321620 635.59 188.89 642.49 184.42 632.92 169.64 626.03 174.10
00635 0.889123 509.96 228.79 505.51 224.22 492.37 237.00 496.82 241.58
00635 0.862086 510.60 71.83 510.60 64.89 491.34 64.90 491.34 71.84
00635 0.823162 468.08 191.33 466.79 184.51 448.44 187.97 449.72 194.80
00635 0.778883 477.57 201.14 482.91 205.92 495.20 192.18 489.86 187.40
00635 0.767099 464.39 184.48 463.52 177.00 444.44 179.22 445.31 186.70
00635 0.762090 495.75 214.75 491.93 210.42 479.47 221.42 483.28 225.74
00635 0.750616 491.84 209.28 487.82 204.27 473.33 215.88 477.35 220.90
00635 0.724770 501.80 221.88 497.54 217.27 483.93 229.84 488.19 234.45
00635 0.559928 499.12 217.65 495.37 213.27 481.55 225.10 485.31 229.48
00635 0.497537 473.54 198.09 481.03 195.98 475.60 176.67 468.11 178.78
00635 0.376800 476.43 209.46 472.68 203.28 457.62 212.44 461.37 218.61
00636 0.877103 448.96 232.76 444.53 228.19 430.40 241.88 434.83 246.45
00636 0.871260 448.38 77.67 448.30 70.34 430.03 70.54 430.11 77.86
00636 0.856678 440.47 225.87 436.35 221.49 422.31 234.70 426.42 239.08
00636 0.856405 407.24 196.34 404.91 188.58 385.57 194.38 387.90 202.14
00636 0.838805 403.06 188.50 401.60 180.60 381.30 184.36 382.77 192.26
00636 0.826753 416.19 206.45 422.66 211.66 435.26 196.01 428.79 190.80
00636 0.768671 434.28 220.41 430.36 215.70 415.79 227.82 419.71 232.53
00636 0.623980 415.00 214.07 410.66 207.39 391.22 220.05 395.57 226.73
00636 0.607543 403.75 201.10 409.06 205.81 424.64 188.23 419.33 183.52
00636 0.481482 452.09 250.74 446.98 245.00 433.11 257.33 438.22 263.08
00636 0.384328 430.11 216.45 426.17 211.49 410.46 223.98 414.40 228.93
00637 0.864923 391.56 262.28 389.53 255.57 373.78 260.35 375.81 267.05
00637 0.861197 435.14 299.90 430.61 295.21 417.63 307.72 422.16 312.42
00637 0.855690 433.24 143.35 433.44 136.52 417.14 136.02 416.93 142.86
00637 0.817177 402.27 273.82 407.26 277.93 420.03 262.43 415.05 258.32
00637 0.778693 392.99 267.30 398.08 271.67 410.50 257.18 405.41 252.81
00637 0.762450 387.74 255.13 385.94 248.45 368.19 253.23 369.99 259.91
00637 0.714214 418.59 287.35 414.86 283.15 401.55 294.96 405.28 299.16
00637 0.669447 399.13 280.65 395.58 275.16 380.49 284.96 384.05 290.44
00637 0.634917 424.62 292.97 420.47 288.52 408.08 300.09 412.23 304.53
00637 0.368866 414.29 282.80 411.22 278.28 395.84 288.75 398.92 293.26
00639 0.921813 443.38 100.36 452.25 98.26 447.37 77.64 438.50 79.74
00640 0.892539 460.39 237.61 469.01 236.22 465.76 216.03 457.13 217.42
00640 0.831354 412.97 73.24 422.08 71.38 418.10 51.90 408.99 53.76
00640 0.308334 281.20 77.26 292.64 78.53 295.70 50.81 284.27 49.54
00641 0.794230 467.26 512.96 477.10 512.27 475.66 491.81 465.82 492.50
00641 0.778749 449.41 341.83 457.52 341.14 455.74 320.30 447.63 320.99
00671 0.518321 177.71 160.00 189.98 162.85 195.06 141.01 182.79 138.16
00734 0.312571 216.83 5.13 216.98 -0.26 207.96 -0.50 207.82 4.88
00737 0.529227 128.05 154.35 135.98 153.77 134.94 139.61 127.01 140.19
00751 0.434472 178.17 57.32 185.30 58.14 186.70 46.03 179.57 45.20
00752 0.603191 316.92 266.39 324.00 268.41 328.26 253.55 321.18 251.53
00772 0.324660 92.43 504.09 90.60 497.17 78.02 500.50 79.86 507.42
00783 0.404282 381.90 503.41 379.72 497.13 369.87 500.56 372.05 506.83
00803 0.358321 19.54 58.68 13.41 47.27 -5.65 57.49 0.48 68.90
00819 0.656604 546.98 342.78 554.67 342.62 554.33 325.70 546.64 325.86
00821 0.349540 555.72 427.69 563.54 428.34 564.72 414.18 556.89 413.53
00832 0.365492 505.11 137.04 514.29 136.73 513.75 120.43 504.57 120.73
00840 0.321396 395.00 8.61 395.27 2.04 381.67 1.49 381.41 8.05
00850 0.607311 473.57 136.55 480.34 130.92 470.04 118.54 463.27 124.17
00857 0.412933 145.46 169.54 151.34 159.26 130.92 147.58 125.04 157.86
00859 0.326369 321.59 445.50 323.88 437.14 306.27 432.31 303.98 440.67
00860 0.380694 470.21 474.40 470.56 465.60 451.43 464.83 451.08 473.64
00860 0.357044 460.62 195.98 460.85 187.18 444.30 186.74 444.06 195.54
00861 0.490099 502.61 211.66 498.84 196.96 490.73 199.04 494.50 213.74
00864 0.710327 498.04 267.70 505.10 267.43 504.54 253.01 497.48 253.28
00866 0.600511 514.34 293.41 521.37 296.06 526.61 282.15 519.58 279.50
00867 0.711696 523.94 314.03 531.85 315.34 534.37 300.09 526.46 298.79
00907 0.470484 81.28 363.29 86.30 365.97 92.02 355.24 87.01 352.56
00909 0.353157 513.73 455.01 520.15 453.61 517.08 439.57 510.66 440.97
00921 0.380114 339.14 483.89 344.18 483.28 343.01 473.68 337.98 474.29
01000 0.460782 612.70 371.90 615.63 361.35 595.89 355.86 592.95 366.41
01001 0.302081 81.17 273.41 76.02 267.13 63.89 277.06 69.03 283.34
01002 0.646784 258.33 114.92 252.43 101.62 227.42 112.70 233.32 126.00
01002 0.610627 350.31 213.40 351.07 203.14 330.97 201.65 330.20 211.91
01002 0.426342 28.72 482.65 22.73 475.49 7.10 488.58 13.09 495.74
01003 0.836334 247.72 394.97 245.70 384.96 227.04 388.72 229.06 398.73
01003 0.310755 557.37 89.04 565.75 91.83 570.58 77.32 562.21 74.53
01005 0.831495 511.50 152.32 519.06 152.26 518.92 132.94 511.35 132.99
01005 0.686807 123.49 374.78 133.53 376.58 137.06 356.91 127.02 355.11
01005 0.486357 588.68 270.54 595.91 270.64 596.13 255.29 588.90 255.19
01006 0.479489 584.40 453.17 593.07 454.41 595.55 437.14 586.87 435.89
01007 0.477069 318.10 72.36 312.87 64.50 297.62 74.63 302.85 82.49
01007 0.463420 241.21 124.88 236.62 116.58 220.05 125.74 224.63 134.04
01008 0.416273 408.26 464.47 409.32 456.06 393.24 454.05 392.19 462.47
01010 0.316825 632.92 510.81 640.42 510.60 639.93 492.98 632.43 493.19
01011 0.657825 97.28 63.54 104.59 62.98 103.47 48.35 96.16 48.91
01011 0.348317 107.81 105.20 114.84 105.11 114.63 89.50 107.60 89.59
01012 0.591614 88.12 220.95 95.05 220.79 94.65 203.76 87.72 203.92
01012 0.546537 76.80 173.76 84.71 173.20 83.56 157.04 75.65 157.60
01012 0.485328 97.60 219.29 105.53 219.06 105.05 202.03 97.11 202.25
01013 0.786394 72.94 360.79 80.56 360.97 80.96 343.98 73.34 343.80
01013 0.436874 61.68 305.49 68.62 304.69 67.26 292.88 60.31 293.68
01013 0.375538 258.72 358.99 266.02 358.82 265.65 343.36 258.35 343.54
01013 0.372274 82.99 360.91 92.32 361.00 92.51 342.14 83.18 342.04
01013 0.353434 114.76 183.69 121.19 184.12 122.18 169.20 115.75 168.77
01014 0.832039 63.42 440.18 71.09 439.87 70.35 421.37 62.69 421.67
01014 0.676540 73.65 438.36 81.96 438.11 81.36 418.50 73.05 418.76
01014 0.591920 98.92 106.89 108.41 106.85 108.33 87.94 98.84 87.98
01014 0.455380 106.96 248.05 113.75 247.93 113.44 230.96 106.66 231.08
01014 0.306223 258.02 438.21 265.03 437.45 263.58 424.12 256.58 424.88
01015 0.535657 100.56 319.60 108.09 319.61 108.14 301.47 100.60 301.45
01015 0.382739 39.95 462.93 48.54 462.72 48.04 442.62 39.44 442.83
01016 0.585068 88.22 458.41 96.43 458.22 95.96 437.99 87.74 438.18
01017 0.447486 68.37 408.96 79.70 409.17 80.19 382.66 68.87 382.45
01029 0.302694 80.64 131.98 87.63 134.74 92.07 123.49 85.08 120.73
01038 0.499219 523.89 95.49 525.25 81.64 508.89 80.03 507.53 93.88
01040 0.932008 577.64 146.06 577.07 132.91 560.14 133.64 560.71 146.78
01041 0.327389 592.48 130.81 591.98 119.34 577.89 119.95 578.39 131.43
01052 0.775363 443.97 68.90 450.77 59.72 437.19 49.66 430.39 58.84
01052 0.375262 172.97 33.44 173.51 17.74 149.23 16.90 148.69 32.60
01053 0.865506 523.73 68.60 527.71 58.21 511.88 52.14 507.90 62.53
01055 0.654281 91.33 446.84 90.01 435.07 71.74 437.11 73.07 448.89
01055 0.436670 327.00 393.84 326.55 385.38 308.45 386.34 308.90 394.80
01056 0.660858 56.86 467.87 54.37 454.95 35.07 458.67 37.56 471.59
01057 0.571336 184.54 466.15 182.28 455.38 164.42 459.12 166.68 469.89
01059 0.377337 37.62 143.74 36.95 134.99 18.31 136.42 18.98 145.17
01059 0.359752 118.67 135.74 118.20 128.41 101.60 129.47 102.07 136.79
01060 0.563633 244.22 128.58 244.70 120.61 226.44 119.52 225.96 127.49
01060 0.517932 57.53 482.08 56.81 470.22 39.36 471.27 40.07 483.13
01065 0.812686 366.81 17.68 373.08 9.48 360.34 -0.26 354.07 7.95
01067 0.898089 519.50 53.07 527.34 53.02 527.23 36.04 519.40 36.09
01074 0.352780 504.35 5.85 504.29 -0.55 493.59 -0.46 493.64 5.94
01075 0.852460 295.07 153.25 303.02 153.01 302.53 136.97 294.58 137.21
01076 0.902600 219.22 378.67 228.16 375.53 222.43 359.22 213.49 362.36
01076 0.812705 559.54 377.26 569.11 370.89 558.76 355.33 549.18 361.70
01077 0.853934 302.14 292.38 310.94 285.28 298.63 270.04 289.84 277.14
01078 0.616200 184.74 293.33 192.80 287.21 181.92 272.87 173.86 278.98
01079 0.763672 213.45 256.58 222.22 254.87 218.93 237.94 210.15 239.64
01080 0.750772 445.47 243.85 454.59 244.31 455.47 226.56 446.35 226.10
01081 0.820987 124.16 227.40 122.18 214.78 100.28 218.22 102.26 230.84
01082 0.397999 236.67 326.17 233.02 311.10 209.75 316.74 213.41 331.81
01097 0.542059 0.08 466.32 4.29 466.42 4.61 453.36 0.40 453.25
01099 0.638061 25.68 314.00 33.98 311.99 29.71 294.33 21.41 296.33
01100 0.671373 167.60 504.38 176.40 504.50 176.69 483.09 167.89 482.97
01108 0.456132 275.10 12.57 283.55 6.77 276.07 -4.13 267.62 1.67
01109 0.555802 251.11 153.78 261.47 144.81 243.70 124.30 233.34 133.27
01112 0.410817 272.97 303.27 265.77 290.33 241.59 303.78 248.78 316.72
01112 0.322357 232.56 479.04 240.30 478.85 239.83 460.02 232.09 460.21
01113 0.330609 457.50 451.04 456.34 435.67 424.87 438.06 426.04 453.42
01114 0.902131 15.92 371.84 25.02 371.27 23.76 351.02 14.66 351.59
01119 0.457190 616.46 100.45 624.86 103.36 629.12 91.04 620.72 88.13
01120 0.564220 488.50 197.74 496.14 198.54 497.39 186.65 489.76 185.85
01121 0.361478 560.17 117.97 559.46 106.72 542.63 107.78 543.34 119.03
01122 0.442881 371.05 77.94 368.17 68.85 353.91 73.36 356.78 82.45
