00023 0.359205 355.43 177.68 375.49 185.01 404.13 106.67 384.07 99.33
00031 0.376809 319.44 140.29 336.23 139.39 332.66 72.78 315.87 73.68
00239 0.622643 559.29 52.95 571.41 63.89 605.36 26.26 593.24 15.32
00398 0.963854 337.45 149.39 331.06 120.33 258.02 136.37 264.41 165.43
00409 0.957166 362.49 136.60 354.34 105.86 283.63 124.60 291.77 155.34
00420 0.956791 402.04 109.12 394.91 80.43 330.31 96.49 337.44 125.17
00431 0.744765 552.68 65.41 546.41 36.50 488.10 49.15 494.37 78.06
00475 0.878359 643.89 214.73 638.89 177.53 571.32 186.61 576.31 223.81
00475 0.705022 644.62 174.46 638.71 135.35 551.31 148.56 557.22 187.67
00476 0.800077 649.48 257.76 638.46 226.30 593.70 241.97 604.72 273.44
00492 0.501205 638.19 54.55 645.00 36.20 616.72 25.72 609.92 44.08
00492 0.349932 622.88 35.76 634.40 26.69 613.95 0.75 602.44 9.82
00492 0.327380 637.66 33.58 647.78 25.09 631.44 5.62 621.32 14.12
00492 0.321345 610.26 10.63 605.42 -4.10 574.70 6.00 579.54 20.73
00493 0.467563 568.94 47.31 582.46 34.78 556.61 6.89 543.09 19.43
00493 0.431530 581.89 38.50 591.08 28.79 566.92 5.94 557.74 15.65
00494 0.736719 594.21 121.77 608.78 109.67 581.02 76.26 566.45 88.37
00494 0.341272 606.46 109.09 616.69 99.26 595.43 77.13 585.20 86.96
00505 0.449332 325.99 476.42 352.17 478.75 359.58 395.72 333.40 393.38
00508 0.763515 364.27 90.64 385.42 94.82 395.53 43.78 374.38 39.59
00510 0.738753 637.00 250.67 658.60 231.02 605.27 172.41 583.67 192.06
00511 0.752546 637.64 216.55 656.23 196.00 611.86 155.83 593.26 176.38
00512 0.462841 528.15 50.14 532.17 36.35 494.37 25.35 490.36 39.14
00512 0.427163 567.01 21.27 570.80 6.56 521.77 -6.05 517.99 8.67
00512 0.406430 542.04 34.62 545.11 21.45 509.45 13.15 506.38 26.32
00512 0.382110 444.41 53.08 448.95 33.17 409.31 24.14 404.78 44.05
00512 0.377451 573.42 131.26 579.74 115.70 540.92 99.94 534.60 115.51
00512 0.361601 582.18 120.52 588.11 105.15 544.27 88.25 538.34 103.63
00512 0.352663 548.85 26.81 552.27 11.24 512.58 2.53 509.16 18.10
00512 0.307401 537.39 45.59 541.64 31.37 503.19 19.90 498.94 34.11
00513 0.400924 518.45 37.26 522.27 21.04 478.11 10.63 474.29 26.85
00513 0.387143 572.02 116.67 578.06 101.18 537.22 85.23 531.17 100.72
00513 0.384528 533.70 32.32 538.04 17.72 499.02 6.11 494.68 20.71
00513 0.325363 540.60 21.98 543.80 6.82 504.07 -1.56 500.87 13.60
00514 0.463497 550.25 42.71 554.57 30.54 514.71 16.40 510.39 28.58
00514 0.448024 545.25 57.15 550.85 41.15 512.56 27.74 506.96 43.75
00523 0.424499 581.77 305.94 576.45 283.03 526.77 294.55 532.09 317.47
00523 0.303950 647.64 304.08 637.28 282.39 606.01 297.33 616.37 319.02
00525 0.312900 523.79 314.60 512.65 293.09 465.88 317.31 477.02 338.82
00529 0.919330 191.56 72.97 190.76 43.68 116.51 45.70 117.31 74.99
00540 0.956059 245.68 136.20 240.42 104.25 166.38 116.44 171.64 148.39
00657 0.382121 192.01 121.69 196.37 105.00 157.84 94.93 153.48 111.62
00677 0.916127 289.84 42.95 309.34 52.83 330.70 10.71 311.20 0.82
00678 0.879033 208.97 90.96 230.49 103.42 259.35 53.61 237.83 41.14
00679 0.874020 97.89 152.07 120.11 166.36 152.50 116.00 130.28 101.71
00845 0.517080 -13.33 204.54 3.49 219.50 43.62 174.41 26.80 159.44
00845 0.501733 29.48 161.33 12.67 141.10 -20.37 168.57 -3.55 188.79
00846 0.434405 26.69 308.89 11.60 292.82 -15.29 318.06 -0.19 334.13
00846 0.357375 -16.82 349.95 1.79 367.39 44.71 321.56 26.10 304.12
00852 0.915008 250.39 105.38 261.43 76.15 145.75 32.46 134.71 61.69
00852 0.872033 240.96 131.18 250.98 104.06 139.22 62.74 129.20 89.86
00852 0.850816 261.79 83.89 273.57 54.95 155.34 6.82 143.56 35.75
00852 0.849626 229.48 156.74 239.60 129.36 130.99 89.21 120.87 116.59
00852 0.534826 267.98 60.26 279.96 31.87 167.14 -15.74 155.16 12.66
00852 0.454622 208.58 206.17 219.15 180.81 100.27 131.31 89.70 156.68
00853 0.492059 229.08 332.87 247.53 310.67 146.94 227.05 128.49 249.25
00854 0.478215 636.90 147.14 660.01 130.85 628.92 86.74 605.81 103.03
00855 0.648945 639.05 352.16 661.84 333.54 628.33 292.55 605.55 311.17
00855 0.471213 640.36 398.20 663.16 379.71 604.16 306.98 581.37 325.48
00855 0.311344 625.82 308.14 640.27 307.92 639.85 279.93 625.40 280.15
01017 0.343675 127.26 252.54 151.09 252.13 149.97 186.03 126.14 186.43
01033 0.712109 134.03 129.33 155.07 134.57 173.69 59.87 152.65 54.63
01034 0.799189 56.00 398.77 82.57 405.76 106.70 314.07 80.13 307.08
01078 0.824045 108.98 173.62 131.26 155.97 89.90 103.77 67.63 121.42
01079 0.799523 261.19 318.35 286.60 308.97 262.68 244.14 237.27 253.52
01080 0.770077 448.76 476.80 480.32 478.08 483.62 397.05 452.05 395.77
01081 0.472679 47.96 430.28 70.02 445.12 109.70 386.17 87.65 371.32
01094 0.619658 433.32 162.90 442.77 147.93 399.48 120.59 390.03 135.56
01111 0.847609 359.43 63.51 373.84 46.62 331.23 10.26 316.82 27.15
01245 0.533737 602.57 197.53 607.91 188.97 589.58 177.52 584.24 186.07
01245 0.510918 598.46 201.34 603.78 192.78 586.35 181.92 581.02 190.48
01245 0.492308 617.62 194.40 624.48 185.19 603.11 169.27 596.25 178.48
01245 0.467508 624.33 192.03 631.72 183.21 610.21 165.20 602.82 174.02
01245 0.413851 604.96 189.50 609.48 182.79 595.06 173.07 590.54 179.77
01246 0.547570 610.71 214.11 615.58 206.47 597.26 194.78 592.39 202.42
01246 0.530252 626.78 209.07 633.31 199.31 612.20 185.18 605.66 194.94
01246 0.522162 614.46 208.62 619.52 201.14 604.14 190.73 599.07 198.21
01246 0.499121 610.32 223.85 617.32 212.51 593.88 198.05 586.89 209.39
01247 0.459654 623.20 240.06 627.56 230.53 605.07 220.23 600.71 229.75
01248 0.411629 637.67 263.01 642.46 253.20 624.18 244.28 619.39 254.09
01412 0.749333 246.10 52.70 260.20 46.73 241.84 3.42 227.74 9.40
01412 0.721114 290.39 31.52 303.80 28.40 296.09 -4.76 282.68 -1.64
01412 0.695004 231.26 59.60 245.41 53.83 227.34 9.54 213.18 15.31
01412 0.684738 215.56 64.48 230.03 58.63 212.52 15.25 198.05 21.09
01412 0.622324 274.40 39.86 287.66 34.60 271.45 -6.21 258.19 -0.95
01412 0.588842 309.12 26.41 322.60 22.86 315.73 -3.21 302.26 0.34
01412 0.522050 260.17 46.23 273.74 40.48 255.89 -1.62 242.32 4.14
01413 0.691073 257.69 123.59 272.28 119.47 258.89 72.14 244.30 76.27
01413 0.614583 276.70 114.99 291.16 111.85 281.85 68.96 267.40 72.09
01413 0.573234 245.52 129.24 259.17 124.31 242.77 78.84 229.11 83.77
01413 0.462901 309.91 96.91 323.85 95.83 320.70 55.21 306.75 56.29
01413 0.452908 232.05 133.44 245.54 128.33 228.81 84.14 215.32 89.25
01413 0.370544 202.32 146.00 215.73 140.65 198.21 96.75 184.80 102.10
01413 0.356435 293.96 107.02 308.08 105.56 303.62 62.32 289.50 63.78
01413 0.326294 217.16 139.04 230.36 134.03 213.71 90.09 200.50 95.10
01414 0.791305 289.17 182.72 303.68 180.21 295.52 133.07 281.01 135.58
01414 0.768320 304.60 169.42 319.12 168.34 315.94 125.66 301.41 126.75
01414 0.693596 269.53 53.94 284.92 48.21 269.34 6.34 253.95 12.07
01414 0.685344 244.12 62.79 259.38 57.98 246.15 15.99 230.88 20.80
01414 0.613233 272.59 188.12 286.28 184.56 275.10 141.49 261.41 145.04
01414 0.585879 251.99 198.28 266.48 193.75 251.85 147.01 237.36 151.54
01414 0.563522 230.07 66.10 244.83 61.50 231.53 18.76 216.76 23.35
01414 0.535009 214.22 72.07 229.20 67.07 215.63 26.41 200.65 31.40
01414 0.531565 213.53 215.58 226.91 210.01 207.34 162.98 193.95 168.56
01414 0.530030 200.06 225.17 213.48 219.32 192.10 170.24 178.68 176.08
01414 0.524229 238.07 203.23 251.60 198.48 236.08 154.22 222.55 158.97
01414 0.383160 289.21 44.80 303.22 37.84 284.20 -0.45 270.20 6.50
01414 0.369183 226.67 208.05 239.60 202.59 221.06 158.71 208.13 164.17
01415 0.713204 247.63 250.97 261.40 245.40 244.14 202.78 230.38 208.35
01415 0.689439 262.69 240.69 275.57 236.90 262.80 193.50 249.92 197.29
01415 0.684233 276.60 228.97 290.37 225.71 280.14 182.54 266.37 185.81
01415 0.674175 196.27 290.55 209.25 282.13 180.98 238.53 168.00 246.95
01415 0.658650 223.66 115.00 237.93 106.89 214.45 65.57 200.19 73.68
01415 0.629429 232.61 261.65 245.82 254.80 222.86 210.55 209.65 217.40
01415 0.625996 131.34 69.89 144.16 62.35 119.84 21.01 107.02 28.55
01415 0.624859 203.09 127.73 217.48 119.61 194.64 79.12 180.25 87.24
01415 0.621644 240.93 101.64 253.40 93.67 230.67 58.10 218.20 66.07
01415 0.607190 171.10 143.21 185.17 135.65 164.33 96.88 150.26 104.44
01415 0.606941 145.77 64.38 157.95 56.80 130.52 12.78 118.34 20.37
01415 0.606785 171.29 46.96 183.46 39.02 156.33 -2.54 144.16 5.40
01415 0.563057 183.32 34.44 195.11 27.03 173.21 -7.81 161.42 -0.40
01415 0.556361 210.57 279.99 222.89 272.04 194.61 228.25 182.29 236.20
01415 0.552206 186.94 133.41 200.14 126.97 181.40 88.58 168.20 95.02
01415 0.550083 156.77 55.54 169.24 47.84 143.06 5.44 130.59 13.13
01415 0.549979 181.06 297.91 193.29 289.95 165.90 247.89 153.68 255.85
01415 0.509289 196.74 27.92 207.85 20.48 188.63 -8.20 177.52 -0.76
01415 0.479664 222.10 271.66 233.73 264.11 205.26 220.24 193.64 227.78
01415 0.475504 211.98 20.85 222.57 13.31 207.25 -8.20 196.67 -0.66
01415 0.352008 227.50 12.00 236.78 4.27 227.99 -6.29 218.71 1.44
01416 0.713518 218.96 331.70 230.09 322.63 202.01 288.18 190.88 297.25
01416 0.712376 231.02 314.07 241.55 306.38 217.63 273.66 207.11 281.35
01416 0.683148 195.21 372.17 204.22 359.47 161.20 328.92 152.19 341.62
01416 0.677096 112.42 120.70 121.96 108.12 80.68 76.83 71.15 89.40
01416 0.674342 184.80 383.45 193.42 371.98 151.76 340.70 143.14 352.18
01416 0.664206 208.68 75.97 222.51 88.35 253.36 53.87 239.53 41.49
01416 0.652407 184.89 58.75 197.43 67.81 225.24 29.30 212.70 20.25
01416 0.650783 130.23 238.19 140.63 226.90 105.86 194.86 95.45 206.15
01416 0.641332 211.58 346.73 221.54 335.24 183.87 302.58 173.90 314.07
01416 0.634506 117.67 252.15 128.64 239.90 94.68 209.49 83.71 221.75
01416 0.632531 141.26 85.31 150.58 73.77 111.60 42.28 102.27 53.82
01416 0.624932 153.66 71.11 163.26 59.18 127.22 30.15 117.62 42.08
01416 0.617143 64.19 183.05 73.49 170.87 34.07 140.78 24.77 152.96
01416 0.606860 241.36 298.94 252.99 291.42 231.62 258.36 219.98 265.88
01416 0.605694 142.40 229.09 153.28 217.07 117.08 184.32 106.20 196.34
01416 0.605552 102.71 131.95 111.87 120.26 71.98 89.05 62.83 100.75
01416 0.600908 131.63 96.11 140.51 84.39 100.63 54.13 91.75 65.84
01416 0.595060 166.96 194.25 177.16 181.94 142.88 153.54 132.68 165.85
01416 0.590593 202.94 357.49 211.56 346.08 169.90 314.61 161.28 326.02
01416 0.582773 72.22 169.86 81.39 157.08 42.17 128.93 33.00 141.71
01416 0.579566 92.14 143.54 101.77 130.65 61.82 100.83 52.19 113.72
01416 0.577120 33.98 218.74 44.47 208.06 11.82 176.02 1.34 186.70
01416 0.565873 81.84 156.89 91.42 144.54 51.99 113.95 42.41 126.29
01416 0.557653 156.85 210.61 167.02 197.88 130.25 168.49 120.08 181.22
01416 0.535731 172.84 51.69 186.00 59.87 210.15 20.98 196.98 12.81
01416 0.533980 122.32 109.27 131.65 97.15 92.24 66.81 82.91 78.93
01416 0.531423 53.37 193.25 62.49 182.27 26.85 152.67 17.73 163.65
01416 0.527454 24.46 232.34 33.47 220.97 0.13 194.54 -8.88 205.91
01416 0.380088 175.01 397.44 184.31 385.05 143.30 354.24 134.00 366.63
01416 0.329789 107.54 263.66 117.75 252.25 83.24 221.38 73.03 232.79
01417 0.752707 182.95 408.18 190.89 396.73 157.73 373.76 149.80 385.22
01417 0.738382 177.92 424.23 184.97 412.39 148.76 390.82 141.70 402.66
01417 0.735212 171.50 455.27 176.68 442.76 128.51 422.79 123.32 435.30
01417 0.701938 174.15 441.53 180.74 428.15 137.60 406.90 131.01 420.28
01417 0.690885 25.35 243.03 30.77 228.35 0.51 217.18 -4.91 231.86
01417 0.689256 168.02 468.58 173.02 455.52 124.42 436.92 119.42 449.98
01417 0.673707 83.46 328.19 89.41 314.66 50.72 297.64 44.77 311.16
01417 0.669807 60.39 377.16 66.68 363.21 30.34 346.82 24.05 360.77
01417 0.665729 187.21 389.51 195.27 378.71 163.95 355.34 155.89 366.13
01417 0.654702 94.37 189.22 112.81 196.25 133.75 141.30 115.30 134.27
01417 0.647748 66.59 361.99 72.95 348.01 35.30 330.89 28.94 344.88
01417 0.640590 44.51 197.66 50.79 183.83 6.80 163.85 0.52 177.68
01417 0.616646 64.56 179.02 80.90 184.48 99.16 129.93 82.82 124.46
01417 0.598381 19.23 258.18 25.41 243.82 0.18 232.95 -6.00 247.31
01417 0.585499 11.82 270.87 18.23 256.21 0.21 248.34 -6.19 263.00
01417 0.565352 72.62 349.68 78.62 336.40 41.39 319.57 35.39 332.85
01417 0.560205 91.67 312.96 98.30 297.94 57.41 279.89 50.78 294.90
01417 0.553554 53.58 174.77 69.43 178.80 82.26 128.33 66.41 124.30
01417 0.550437 28.03 226.68 33.25 213.03 0.00 200.31 -5.22 213.96
01417 0.543667 161.37 483.28 166.69 470.03 120.94 451.66 115.62 464.90
01417 0.428497 32.46 217.38 38.68 202.49 1.43 186.92 -4.80 201.81
01417 0.414827 37.83 208.00 44.75 192.28 2.31 173.61 -4.61 189.34
01417 0.364977 0.61 285.48 12.78 280.91 7.87 267.84 -4.30 272.41
01417 0.344332 154.93 496.81 160.78 483.48 118.42 464.87 112.57 478.20
01417 0.319706 76.74 183.81 95.65 190.72 117.88 129.94 98.98 123.02
01418 0.789346 153.18 501.83 156.99 489.57 120.51 478.25 116.71 490.52
01418 0.764181 149.95 485.03 155.32 472.04 120.21 457.53 114.84 470.52
01418 0.699589 151.74 516.22 153.95 505.60 117.85 498.08 115.64 508.70
01418 0.606457 8.45 321.41 25.61 323.00 29.89 276.67 12.73 275.08
01418 0.482232 35.01 486.06 37.49 472.44 1.01 465.81 -1.46 479.43
01418 0.475255 35.39 503.55 38.22 489.75 0.99 482.11 -1.84 495.91
01418 0.424343 36.18 473.40 38.93 461.44 2.69 453.11 -0.06 465.07
01418 0.419920 40.01 450.82 41.88 436.88 1.18 431.43 -0.69 445.36
