00020 0.560351 271.42 206.60 292.12 213.88 328.92 109.28 308.21 101.99
00024 0.370284 205.46 342.45 206.11 315.38 81.73 312.42 81.08 339.48
00025 0.310245 355.21 415.11 374.81 422.14 403.07 343.31 383.48 336.28
00030 0.462035 324.44 264.90 344.41 264.31 341.92 180.13 321.94 180.72
00037 0.689997 588.40 45.62 605.91 42.29 597.48 -2.02 579.97 1.31
00061 0.821130 292.81 507.61 312.46 526.37 393.38 441.61 373.73 422.85
00062 0.707730 497.12 276.14 519.06 291.74 587.40 195.67 565.47 180.07
00068 0.328389 412.10 184.02 434.40 192.83 489.23 53.92 466.93 45.12
00080 0.834348 297.10 493.14 322.33 503.39 380.09 361.12 354.86 350.87
00081 0.841670 367.16 298.02 392.63 308.05 447.06 169.87 421.59 159.83
00082 0.375934 291.26 427.01 314.22 436.66 361.44 324.28 338.48 314.63
00087 0.817773 316.30 495.91 340.62 506.42 403.78 360.35 379.47 349.84
00088 0.753325 403.16 208.45 426.82 218.73 485.98 82.59 462.32 72.30
00100 0.763904 335.40 102.66 354.11 109.58 382.49 32.85 363.77 25.93
00118 0.301667 425.10 398.50 445.93 397.80 442.45 293.87 421.63 294.57
00142 0.419022 448.19 358.80 466.84 370.75 519.05 289.26 500.39 277.31
00164 0.464741 344.08 457.15 360.66 435.32 266.66 363.90 250.08 385.73
00195 0.860438 164.25 236.26 153.88 210.26 21.41 263.10 31.78 289.11
00195 0.772108 436.82 277.75 422.85 252.83 296.38 323.71 310.36 348.64
00195 0.489429 122.58 224.51 112.52 200.65 59.76 222.89 69.82 246.75
00200 0.810649 458.29 276.21 450.57 248.48 348.61 276.84 356.33 304.58
00202 0.857539 400.15 512.46 418.21 485.16 331.31 427.65 313.24 454.95
00212 0.486331 89.02 156.32 106.09 147.61 74.12 84.98 57.06 93.69
00213 0.389036 206.47 358.19 226.74 347.01 176.53 255.98 156.26 267.16
00248 0.392761 308.09 271.46 321.03 265.21 298.92 219.39 285.97 225.63
00257 0.632450 145.73 90.55 164.80 72.32 121.02 26.52 101.95 44.75
00397 0.408059 447.62 290.88 471.00 293.25 478.45 219.67 455.07 217.31
00398 0.658204 275.51 518.33 302.89 508.97 288.37 466.47 260.99 475.83
00399 0.704511 154.25 505.95 189.21 516.83 219.79 418.57 184.84 407.69
00400 0.502443 318.25 17.12 336.50 19.18 338.56 1.00 320.31 -1.07
00401 0.724067 317.78 45.91 335.52 46.25 336.41 0.70 318.67 0.35
00402 0.760456 315.09 89.57 333.48 89.84 334.42 26.12 316.03 25.85
00403 0.846128 312.26 138.28 330.39 138.62 331.58 75.83 313.45 75.49
00403 0.354588 223.60 412.74 251.42 421.84 276.59 344.89 248.77 335.79
00404 0.644452 208.51 508.58 244.27 521.04 271.33 443.42 235.57 430.96
00404 0.576391 309.03 200.93 328.31 201.58 330.90 125.49 311.62 124.83
00405 0.865527 301.28 365.52 323.58 365.96 325.53 266.56 303.23 266.12
00406 0.488575 295.58 470.96 321.83 471.53 324.33 355.71 298.07 355.15
00412 0.623391 543.04 460.88 574.46 452.25 546.97 352.08 515.55 360.70
00413 0.413495 608.92 517.41 642.24 505.71 598.53 381.25 565.21 392.96
00423 0.879453 221.33 85.66 236.26 73.54 197.52 25.80 182.59 37.91
00423 0.425432 181.18 39.79 195.39 27.92 161.59 -12.54 147.39 -0.68
00424 0.874091 236.64 138.66 253.40 124.90 208.01 69.64 191.26 83.40
00424 0.843615 191.31 89.93 208.52 75.75 158.90 15.58 141.70 29.77
00425 0.865548 271.74 197.61 290.84 182.35 234.42 111.71 215.32 126.97
00425 0.862338 330.42 263.65 349.63 247.46 293.30 180.61 274.10 196.79
00426 0.839024 320.52 294.88 341.14 278.43 275.10 195.65 254.48 212.10
00426 0.837847 389.33 376.36 411.58 357.71 346.39 279.91 324.14 298.56
00427 0.896289 374.22 404.39 396.56 386.94 316.22 284.12 293.88 301.58
00427 0.879198 448.88 490.77 470.39 472.81 395.19 382.73 373.68 400.68
00427 0.823072 93.81 71.85 109.92 58.93 72.09 11.78 55.98 24.71
00428 0.900260 197.44 152.32 216.21 138.91 174.35 80.30 155.58 93.70
00428 0.749987 471.60 529.37 501.11 509.69 448.19 430.34 418.69 450.01
00429 0.898233 226.03 209.34 245.33 195.74 200.54 132.16 181.24 145.76
00430 0.900212 304.33 361.79 326.40 346.50 266.56 260.20 244.49 275.50
00432 0.892542 332.45 421.98 355.26 406.16 293.42 316.99 270.61 332.81
00433 0.886091 371.42 476.45 395.36 459.15 326.22 363.48 302.28 380.78
00434 0.825003 485.93 529.90 509.22 511.46 450.83 437.74 427.54 456.18
00463 0.718980 378.72 31.90 398.80 25.46 388.84 -5.61 368.76 0.82
00463 0.675767 394.80 444.27 423.32 444.69 424.66 354.21 396.14 353.79
00463 0.452748 391.31 115.98 412.45 114.87 408.24 34.62 387.11 35.73
00469 0.641498 514.67 326.55 512.53 301.86 436.57 308.45 438.71 333.14
00471 0.352939 625.83 141.14 654.54 125.59 621.13 63.93 592.42 79.48
00472 0.613835 589.43 28.79 585.33 -3.02 472.29 11.57 476.39 43.37
00473 0.603665 626.16 69.73 623.98 51.24 582.03 56.19 584.21 74.68
00474 0.925599 375.24 212.53 400.01 210.30 391.06 110.96 366.29 113.19
00474 0.783707 356.09 107.06 378.51 102.00 359.61 18.22 337.19 23.28
00476 0.398127 646.52 217.25 637.22 180.60 576.93 195.88 586.23 232.54
00477 0.304137 631.45 347.45 653.85 325.70 631.71 302.89 609.31 324.64
00484 0.386952 305.76 208.82 330.08 203.00 305.38 99.82 281.06 105.65
00485 0.844570 380.11 269.14 404.53 267.41 397.08 162.10 372.66 163.83
00485 0.820653 360.38 157.04 384.34 151.57 363.05 58.31 339.09 63.78
00494 0.366326 513.11 280.98 537.33 278.97 530.70 199.30 506.47 201.32
00496 0.835865 361.69 210.17 386.01 205.54 367.26 107.03 342.94 111.66
00496 0.645335 386.88 345.85 416.04 342.70 402.83 220.75 373.67 223.91
00496 0.342821 267.41 511.58 289.80 511.22 288.75 444.76 266.37 445.11
00498 0.671192 538.37 422.17 565.64 420.33 559.08 322.89 531.80 324.73
00507 0.800172 365.55 261.17 391.55 255.75 369.24 148.90 343.25 154.32
00507 0.692384 390.69 408.63 420.22 405.10 405.21 279.39 375.67 282.92
00518 0.840437 380.54 320.02 410.30 313.12 382.25 192.17 352.49 199.07
00518 0.751889 408.85 487.09 442.03 483.68 427.37 340.93 394.19 344.33
00529 0.803125 389.96 416.23 421.24 409.59 391.86 271.36 360.58 278.00
00529 0.782082 415.29 514.74 447.09 510.99 439.01 442.28 407.20 446.03
00540 0.809554 298.26 520.42 329.51 509.44 292.01 402.70 260.76 413.68
00543 0.780071 431.10 36.95 450.73 49.74 482.28 1.32 462.64 -11.47
00544 0.875158 351.43 81.93 375.13 92.76 411.02 14.25 387.33 3.42
00544 0.597776 411.64 15.38 414.36 0.32 394.55 -3.26 391.83 11.80
00545 0.895891 360.92 50.40 378.78 61.68 414.11 5.71 396.26 -5.56
00545 0.829368 322.22 137.54 345.69 147.45 378.39 70.02 354.93 60.11
00545 0.446936 249.20 91.84 248.84 74.04 212.30 74.77 212.65 92.57
00546 0.876965 339.09 96.72 359.95 110.54 401.43 47.95 380.57 34.12
00546 0.866755 297.29 202.89 323.18 213.83 359.46 127.92 333.56 116.98
00547 0.893033 268.03 280.10 295.13 289.91 330.83 191.34 303.73 181.53
00547 0.883723 308.73 161.14 332.27 173.80 374.31 95.62 350.77 82.96
00548 0.874830 259.27 369.37 289.77 379.91 330.41 262.26 299.91 251.72
00548 0.857498 304.14 232.84 330.49 245.37 371.75 158.60 345.41 146.07
00549 0.895203 249.11 482.23 283.93 492.86 325.96 355.11 291.14 344.48
00549 0.862925 301.39 319.81 329.02 332.38 374.79 231.77 347.16 219.19
00550 0.885915 230.32 446.96 262.53 459.03 308.32 336.87 276.11 324.79
00550 0.313713 228.72 513.68 256.49 512.19 254.86 481.63 227.09 483.12
00552 0.713731 219.57 165.73 233.79 167.46 241.54 104.00 227.32 102.27
00553 0.581901 239.04 187.79 254.41 190.36 265.30 125.31 249.93 122.73
00554 0.698960 268.91 308.36 283.90 311.69 299.73 240.31 284.74 236.99
00554 0.564417 400.92 217.83 414.35 219.02 418.27 175.06 404.84 173.86
00555 0.778096 293.98 365.79 309.84 369.46 327.32 293.97 311.46 290.30
00555 0.660770 433.16 278.40 448.05 280.05 453.38 231.88 438.48 230.23
00555 0.441119 272.12 366.82 289.20 371.41 312.63 284.10 295.56 279.52
00556 0.725298 310.88 431.93 326.78 435.80 346.05 356.58 330.16 352.71
00556 0.512448 288.22 432.20 304.92 436.94 330.55 346.58 313.85 341.85
00556 0.482295 456.38 338.87 471.80 340.91 477.87 295.20 462.44 293.15
00557 0.667429 492.71 414.17 508.92 417.64 518.93 370.82 502.71 367.36
00557 0.612140 337.26 505.86 353.99 511.03 379.30 429.14 362.57 423.97
00557 0.527595 315.35 503.54 332.59 509.43 364.25 416.78 347.01 410.89
00558 0.461012 531.33 502.28 548.30 506.43 560.44 456.83 543.47 452.67
00582 0.530022 396.39 504.50 414.38 500.92 401.26 435.03 383.27 438.61
00584 0.857367 111.21 39.64 124.65 39.20 123.34 -1.37 109.91 -0.94
00585 0.711015 101.13 140.87 115.75 140.82 115.56 78.86 100.93 78.91
00585 0.447047 83.01 148.82 98.56 149.13 100.06 74.86 84.51 74.55
00586 0.607237 100.48 197.82 115.26 197.92 115.70 133.84 100.93 133.74
00586 0.416207 81.65 205.69 96.66 205.83 97.42 128.09 82.40 127.95
00928 0.307784 485.90 410.24 480.34 400.47 446.03 420.00 451.58 429.77
00957 0.541510 49.61 303.98 41.54 280.74 -4.44 296.70 3.63 319.95
00961 0.371485 611.83 227.69 625.44 239.64 656.12 204.73 642.51 192.78
01043 0.513166 528.38 487.10 556.85 479.43 531.51 385.31 503.03 392.98
01044 0.720697 548.47 473.99 579.93 458.67 510.55 316.18 479.08 331.50
01051 0.676997 627.38 303.54 638.51 264.68 512.24 228.52 501.11 267.38
01052 0.358850 419.02 177.47 421.95 140.51 278.86 129.19 275.93 166.14
01055 0.619725 488.56 181.46 486.18 138.97 342.27 147.04 344.66 189.53
01056 0.464639 479.26 185.28 477.00 144.66 329.41 152.86 331.66 193.47
01111 0.378874 469.84 2.18 449.28 -19.72 371.82 53.02 392.38 74.92
