00005 0.851284 287.32 179.51 303.42 179.99 304.43 146.40 288.33 145.91
00010 0.878524 326.42 410.68 344.18 411.06 345.12 367.08 327.36 366.70
00012 0.731948 275.10 249.39 293.30 254.76 318.68 168.81 300.48 163.43
00020 0.480613 273.00 204.59 293.50 211.58 329.21 106.88 308.70 99.89
00028 0.863839 254.01 83.69 270.80 83.07 268.09 9.65 251.30 10.28
00029 0.757582 245.32 487.19 267.31 486.30 263.20 384.22 241.21 385.11
00030 0.837550 349.05 434.60 369.89 433.26 364.83 354.20 343.99 355.53
00030 0.714535 324.33 267.04 343.95 266.63 342.16 180.37 322.55 180.77
00031 0.793396 319.75 139.44 335.66 138.58 332.30 76.70 316.39 77.57
00032 0.692111 356.79 59.35 348.71 44.82 310.82 65.91 318.90 80.44
00033 0.890593 348.85 158.60 365.74 157.77 363.71 116.33 346.82 117.15
00034 0.913317 313.84 142.33 330.37 141.29 327.80 100.38 311.26 101.42
00036 0.882170 289.38 104.54 304.65 103.82 302.75 63.64 287.48 64.36
00037 0.523500 323.42 121.98 335.14 132.96 365.86 100.19 354.13 89.20
00037 0.302286 588.50 44.77 605.74 41.19 596.68 -2.45 579.44 1.13
00038 0.868044 442.24 320.18 441.42 302.33 395.21 304.45 396.03 322.31
00045 0.820703 326.53 376.91 339.08 377.91 341.43 348.40 328.88 347.40
00047 0.868053 294.96 167.30 311.06 168.37 316.25 89.88 300.15 88.81
00067 0.688813 414.67 401.67 439.76 411.92 495.91 274.59 470.82 264.33
00068 0.482066 412.92 182.37 435.80 191.01 488.39 51.64 465.51 43.01
00073 0.766839 336.35 87.03 355.91 94.11 377.78 33.68 358.22 26.60
00074 0.796122 304.47 168.40 323.69 176.08 346.23 119.62 327.01 111.95
00082 0.759266 289.91 429.48 313.23 439.33 361.88 324.19 338.56 314.34
00083 0.675872 401.86 124.69 425.65 134.45 473.93 16.74 450.13 6.98
00094 0.781955 446.99 212.88 460.74 217.15 470.03 187.26 456.28 182.99
00099 0.798048 206.17 425.64 228.38 433.89 263.93 338.20 241.71 329.95
00099 0.422620 210.20 502.28 234.63 511.75 288.36 373.04 263.93 363.58
00100 0.794200 261.26 284.96 284.25 293.39 324.00 184.91 301.00 176.49
00101 0.307535 294.10 324.30 317.58 332.58 358.75 215.74 335.26 207.47
00102 0.408371 394.66 114.42 417.11 121.44 446.99 25.93 424.54 18.90
00103 0.847486 244.81 205.09 262.06 211.37 278.78 165.46 261.53 159.18
00108 0.603912 54.96 93.18 70.42 81.50 38.52 39.27 23.06 50.95
00109 0.367163 340.01 260.25 357.54 249.82 307.15 165.13 289.62 175.56
00110 0.472428 317.78 77.13 331.71 70.26 301.32 8.63 287.40 15.50
00111 0.574226 308.31 262.75 325.48 257.63 303.62 184.25 286.44 189.36
00117 0.834699 262.65 308.99 279.93 308.96 279.82 244.54 262.55 244.57
00117 0.764485 283.16 169.78 301.21 169.16 299.13 109.18 281.08 109.81
00118 0.729700 423.87 394.40 445.28 393.99 443.45 297.60 422.04 298.01
00118 0.518647 301.57 465.08 324.52 465.89 327.59 379.31 304.63 378.50
00119 0.742386 275.31 59.99 289.20 60.09 289.53 15.56 275.64 15.46
00120 0.837837 235.53 460.61 255.47 461.02 256.97 389.01 237.03 388.59
00120 0.694930 260.72 229.47 277.05 229.15 275.47 149.27 259.14 149.60
00120 0.586785 244.14 52.93 256.25 52.83 255.80 1.13 243.68 1.23
00121 0.758061 231.87 305.63 248.77 305.89 250.04 221.56 233.14 221.31
00121 0.567707 255.29 269.16 269.93 269.06 269.55 209.82 254.91 209.92
00122 0.604942 392.00 441.11 412.23 439.95 406.49 339.51 386.26 340.67
00123 0.759620 201.07 149.72 217.12 150.31 219.46 86.70 203.40 86.11
00123 0.316181 188.99 504.95 203.95 505.32 205.21 455.21 190.24 454.83
00129 0.742693 184.70 65.41 196.55 70.40 210.97 36.13 199.12 31.14
00129 0.735209 204.22 67.28 217.13 72.09 236.34 20.47 223.42 15.66
00130 0.603383 185.35 87.71 198.37 94.68 220.23 53.83 207.21 46.86
00137 0.660060 120.76 105.62 133.16 108.39 144.03 59.80 131.63 57.03
00138 0.667770 54.53 426.41 72.87 430.56 91.73 347.11 73.39 342.97
00139 0.403744 233.00 490.62 251.83 493.38 265.41 400.60 246.59 397.85
00139 0.307530 150.38 323.66 164.42 328.08 176.82 288.74 162.78 284.31
00140 0.676902 110.14 55.00 121.61 54.72 120.53 10.10 109.07 10.38
00140 0.665072 110.75 485.46 131.38 485.14 129.91 391.75 109.28 392.08
00142 0.608152 453.81 355.86 471.76 366.52 518.63 287.63 500.68 276.96
00143 0.731287 204.09 63.62 217.33 57.67 194.10 5.99 180.86 11.95
00143 0.349125 289.65 299.41 305.60 292.59 271.62 213.06 255.67 219.87
00144 0.671924 103.73 61.50 118.98 55.84 99.25 2.69 83.99 8.36
00144 0.606894 47.61 112.47 61.02 108.54 47.53 62.46 34.12 66.39
00144 0.522811 47.57 184.59 62.29 180.90 39.39 89.71 24.68 93.40
00145 0.782730 67.56 474.59 86.70 465.87 50.08 385.52 30.94 394.25
00147 0.539043 10.22 103.51 26.23 107.79 41.71 49.86 25.71 45.58
00152 0.371186 241.54 447.11 259.28 446.95 258.79 392.05 241.05 392.20
00153 0.770720 443.56 234.39 445.48 213.26 366.69 206.11 364.78 227.24
00154 0.827496 454.68 272.68 456.05 248.93 383.95 244.77 382.58 268.52
00154 0.464559 116.97 93.48 128.87 92.18 125.57 61.91 113.67 63.21
00155 0.703751 188.46 233.77 192.78 212.38 126.54 199.00 122.22 220.39
00155 0.355176 529.86 318.22 537.28 282.29 412.66 256.54 405.24 292.47
00158 0.407413 604.93 288.91 605.82 262.60 529.59 260.02 528.70 286.33
00160 0.669720 426.23 449.22 427.50 422.60 365.97 419.68 364.71 446.29
00161 0.510449 243.64 157.06 253.43 161.81 265.49 136.98 255.70 132.23
00162 0.329288 599.78 472.42 608.67 440.95 502.70 411.01 493.80 442.48
00163 0.683623 365.97 360.81 379.47 339.36 290.83 283.58 277.33 305.03
00164 0.746450 269.18 264.66 281.59 246.54 209.44 197.14 197.04 215.26
00165 0.687040 86.21 146.81 96.90 130.77 35.77 90.01 25.07 106.05
00168 0.351238 180.83 74.23 189.68 53.58 121.39 24.31 112.54 44.96
00173 0.416895 198.71 35.23 204.91 18.60 146.17 -3.29 139.97 13.34
00175 0.612620 427.37 171.58 435.68 153.51 356.74 117.21 348.43 135.28
00175 0.545996 403.44 131.88 412.00 113.91 322.39 71.23 313.83 89.20
00177 0.477607 211.98 54.88 220.70 35.23 133.73 -3.36 125.01 16.29
00178 0.563569 549.42 398.67 557.66 380.88 513.04 360.20 504.80 377.99
00180 0.813320 118.73 118.91 132.31 119.64 135.33 63.35 121.75 62.62
00181 0.766315 49.83 308.85 63.77 308.47 62.04 243.82 48.10 244.19
00181 0.734294 247.02 333.54 248.79 308.83 152.12 301.94 150.36 326.65
00182 0.819708 95.83 436.10 113.63 436.76 116.18 368.59 98.37 367.93
00182 0.727651 404.58 228.08 409.63 203.80 354.15 192.28 349.11 216.56
00186 0.592311 397.46 398.87 413.10 408.07 446.01 352.10 430.37 342.90
00192 0.484646 247.60 142.53 261.49 148.42 272.40 122.69 258.50 116.80
00192 0.377756 182.16 226.54 192.47 235.69 209.05 217.02 198.75 207.87
00193 0.646662 355.96 157.96 370.25 152.84 358.66 120.52 344.37 125.65
00194 0.711603 262.44 236.75 274.39 236.08 273.05 212.22 261.10 212.90
00195 0.599658 285.58 153.08 275.77 125.66 227.07 143.08 236.87 170.50
00196 0.530598 241.62 312.51 256.11 311.87 254.91 284.76 240.41 285.41
00196 0.326158 270.01 234.90 285.53 225.93 268.26 196.04 252.74 205.01
00196 0.304354 274.23 206.98 287.58 196.76 263.44 165.21 250.08 175.43
00197 0.354585 207.11 268.51 222.06 265.63 216.49 236.70 201.54 239.58
00200 0.548491 175.88 435.13 163.81 403.33 34.15 452.53 46.21 484.33
00205 0.610381 49.09 343.28 70.89 357.80 112.45 295.37 90.65 280.85
00205 0.317916 350.14 301.96 340.62 290.40 316.86 309.97 326.38 321.53
00207 0.591173 372.57 474.73 396.30 455.57 316.19 356.38 292.46 375.55
00211 0.764607 128.76 222.60 146.30 211.96 123.82 174.91 106.27 185.56
00212 0.488067 88.55 154.94 105.75 146.22 74.70 84.99 57.51 93.71
00213 0.321852 115.47 173.14 125.23 168.56 116.11 149.13 106.35 153.71
00215 0.584057 457.97 377.34 482.56 378.64 487.08 292.98 462.49 291.68
00217 0.385631 380.01 403.73 395.45 404.94 398.15 370.55 382.70 369.34
00222 0.626724 621.60 146.33 636.98 148.24 639.77 125.85 624.38 123.93
00223 0.452100 620.44 147.07 637.65 149.06 640.28 126.35 623.07 124.36
00224 0.561310 619.21 148.62 636.19 151.61 640.47 127.32 623.49 124.33
00224 0.352806 136.14 221.60 135.45 200.39 51.70 203.09 52.38 224.30
00225 0.657100 237.42 144.99 227.41 124.64 153.42 161.07 163.43 181.41
00226 0.699042 615.31 140.80 613.96 123.61 584.38 125.93 585.73 143.12
00227 0.563527 627.20 156.59 638.77 139.29 587.42 104.95 575.86 122.24
00229 0.320664 513.53 220.74 515.49 198.52 453.54 193.05 451.58 215.27
00233 0.820880 354.53 153.49 345.46 138.63 317.02 155.98 326.10 170.85
00233 0.495515 297.74 160.00 286.44 139.00 219.12 175.25 230.43 196.24
00234 0.800608 141.91 259.98 132.12 242.20 100.06 259.87 109.85 277.64
00234 0.464455 297.68 166.12 285.88 144.56 217.33 182.08 229.12 203.63
00240 0.324639 542.77 20.89 554.48 28.46 568.05 7.48 556.34 -0.09
00240 0.315557 481.27 89.66 491.93 97.50 507.71 76.07 497.05 68.22
00241 0.447118 569.19 166.43 577.10 172.47 588.18 157.96 580.27 151.91
00242 0.566424 327.29 116.53 339.25 121.60 349.03 98.53 337.07 93.46
00243 0.394963 236.66 304.50 251.81 312.50 266.50 284.72 251.35 276.71
00244 0.699741 127.32 463.62 143.90 473.77 164.14 440.68 147.56 430.53
00247 0.593933 180.67 55.71 190.32 50.14 179.92 32.12 170.27 37.69
00247 0.589541 199.02 95.92 213.35 88.06 192.69 50.43 178.37 58.29
00247 0.450636 229.85 56.03 243.42 46.70 213.53 3.24 199.96 12.57
00247 0.418595 444.90 378.43 460.63 367.74 440.15 337.60 424.42 348.29
00256 0.680421 397.09 195.16 407.17 174.41 325.75 134.87 315.67 155.62
00257 0.330664 147.57 89.26 164.80 73.94 125.02 29.18 107.78 44.49
00258 0.729479 398.25 195.69 408.09 175.10 325.64 135.71 315.80 156.31
00259 0.628348 388.99 356.53 399.24 335.32 318.00 296.06 307.75 317.27
00260 0.528100 286.44 250.58 273.29 232.60 212.86 276.78 226.00 294.77
00268 0.852345 377.09 335.91 400.38 328.62 382.84 272.63 359.55 279.92
00275 0.702065 162.57 483.63 159.02 460.03 103.37 468.40 106.92 492.00
00280 0.338914 552.97 511.31 572.85 511.05 572.44 479.48 552.56 479.74
00283 0.705161 607.50 482.45 625.19 463.64 580.63 421.72 562.94 440.52
00298 0.673526 402.49 367.45 418.42 367.97 419.68 329.10 403.75 328.59
00299 0.545008 428.34 53.87 442.51 54.99 444.79 26.09 430.62 24.98
00344 0.763934 425.26 410.08 445.81 402.69 426.45 348.86 405.90 356.26
00345 0.859185 310.32 72.94 328.18 65.49 305.21 10.42 287.35 17.87
00361 0.340322 591.07 273.90 598.44 260.69 572.05 245.96 564.67 259.16
00384 0.687372 222.27 31.04 238.58 31.01 238.52 0.53 222.21 0.56
00397 0.593344 371.57 124.92 387.80 126.21 392.42 68.06 376.19 66.77
00398 0.565501 453.81 502.46 474.57 521.50 510.54 482.28 489.78 463.24
00398 0.400690 224.65 256.75 243.49 249.93 231.67 217.28 212.83 224.10
00398 0.363068 274.82 517.76 302.82 508.56 288.83 465.97 260.83 475.17
00399 0.895094 334.06 337.59 355.05 341.16 366.96 271.16 345.96 267.59
00400 0.916783 314.89 395.19 336.55 397.91 346.45 319.15 324.78 316.43
00400 0.604493 481.91 81.53 470.41 69.61 447.81 91.42 459.30 103.34
00401 0.903302 309.86 470.37 334.77 473.60 346.33 384.32 321.42 381.09
00401 0.349861 451.61 130.71 462.94 141.59 486.18 117.40 474.86 106.52
00402 0.800279 314.46 511.74 340.71 515.12 345.94 474.45 319.69 471.07
00403 0.575956 463.34 245.93 476.83 258.15 503.58 228.61 490.09 216.39
00404 0.409909 472.52 325.07 487.73 336.96 514.00 303.32 498.79 291.44
00404 0.407342 310.12 198.96 328.88 199.56 331.28 124.22 312.52 123.62
00406 0.458369 293.90 469.44 320.75 470.55 325.44 356.45 298.58 355.35
00407 0.601325 297.30 511.05 320.42 511.07 320.46 467.20 297.34 467.18
00409 0.668898 554.37 51.20 549.58 34.46 512.90 44.96 517.69 61.70
00409 0.335527 420.16 507.76 444.52 527.41 468.49 497.68 444.13 478.04
00420 0.655465 507.30 45.84 502.12 30.07 464.72 42.35 469.90 58.11
00420 0.502840 129.32 289.32 147.67 276.56 126.51 246.13 108.17 258.88
00431 0.678253 136.04 296.51 153.89 284.44 133.20 253.82 115.35 265.89
00442 0.514403 201.69 335.42 220.93 325.99 205.05 293.58 185.81 303.02
00452 0.803611 155.03 13.01 152.03 -5.03 111.00 1.78 113.99 19.82
00459 0.372847 183.91 43.38 176.79 17.15 134.87 28.54 141.99 54.77
00460 0.456670 251.19 480.30 245.62 458.53 194.09 471.72 199.66 493.49
00460 0.395399 239.63 64.27 232.95 39.24 189.02 50.96 195.70 76.00
00461 0.546219 493.48 487.53 488.35 466.39 440.69 477.94 445.81 499.08
00461 0.353276 284.52 92.32 277.77 66.89 234.31 78.41 241.05 103.84
00463 0.856980 293.94 239.87 312.46 240.00 312.93 172.07 294.40 171.94
00463 0.785429 391.57 116.82 412.91 115.50 407.97 35.25 386.63 36.57
00469 0.903081 241.95 355.99 257.91 352.57 250.85 319.65 234.89 323.07
00469 0.473678 400.78 116.69 396.43 90.81 347.71 99.01 352.07 124.89
00470 0.478624 410.83 134.00 406.60 107.57 359.77 115.07 363.99 141.49
00471 0.637911 433.49 201.27 430.55 174.56 381.42 179.97 384.37 206.68
00472 0.725671 464.53 247.99 457.45 217.23 403.86 229.55 410.94 260.32
00473 0.748653 511.26 358.04 504.97 325.24 446.65 336.43 452.93 369.22
00473 0.364810 625.94 69.24 623.78 51.06 582.48 55.95 584.64 74.14
00474 0.898180 271.22 369.05 293.45 368.19 290.26 285.51 268.02 286.36
00475 0.457843 644.42 171.87 637.92 135.63 550.11 151.40 556.62 187.64
00475 0.393081 642.78 138.91 637.71 117.44 613.48 123.16 618.55 144.63
00476 0.399511 649.25 255.88 638.38 226.54 592.97 243.36 603.85 272.71
00476 0.397492 645.11 217.24 637.25 182.38 575.74 196.26 583.61 231.12
00477 0.589376 619.44 342.58 647.28 337.45 640.98 303.28 613.14 308.42
00480 0.379585 -0.60 31.41 19.40 31.50 19.56 -0.55 -0.44 -0.65
00481 0.529915 3.78 58.15 24.82 56.74 22.13 16.47 1.10 17.87
00482 0.648617 9.02 92.58 28.40 91.76 26.67 50.93 7.29 51.75
00482 0.478839 588.03 46.73 585.90 29.70 546.97 34.57 549.10 51.60
00483 0.735436 99.10 31.00 97.71 4.02 51.80 6.39 53.19 33.37
00483 0.446115 568.66 332.25 584.13 330.84 580.90 295.48 565.42 296.89
00484 0.811505 104.27 68.03 103.14 45.93 58.03 48.22 59.15 70.32
00484 0.772894 107.14 34.92 105.75 12.13 62.54 14.76 63.92 37.55
00484 0.652399 18.05 185.21 39.41 184.97 38.90 139.47 17.54 139.71
00484 0.460606 107.86 13.62 107.33 -0.30 66.60 1.26 67.14 15.18
00484 0.372436 601.94 395.22 618.53 393.16 613.87 355.68 597.27 357.74
00485 0.829907 270.04 448.58 292.16 447.97 289.63 356.69 267.50 357.30
00486 0.866065 102.92 145.61 101.70 122.73 55.25 125.21 56.47 148.09
00486 0.632553 104.57 107.93 103.10 85.28 59.62 88.11 61.09 110.76
00486 0.587724 103.90 132.32 102.15 106.84 53.56 110.16 55.30 135.65
00486 0.437014 93.48 199.75 90.49 182.55 53.93 188.91 56.93 206.12
00486 0.342004 -2.50 114.37 5.63 114.86 7.35 86.66 -0.79 86.17
00486 0.305615 -3.99 431.58 16.86 434.09 23.06 382.82 2.21 380.30
00487 0.851980 85.25 216.42 84.54 190.99 37.48 192.31 38.19 217.74
00487 0.756867 83.87 263.30 82.22 238.98 31.18 242.43 32.82 266.74
00487 0.490269 610.26 107.48 606.14 93.89 578.98 102.12 583.10 115.71
00487 0.449710 85.66 245.37 83.58 219.89 28.09 224.43 30.17 249.91
00488 0.902996 71.36 345.08 69.67 319.82 14.84 323.48 16.53 348.75
00488 0.874657 72.18 289.92 70.50 264.65 19.99 268.01 21.67 293.28
00488 0.748117 72.82 327.74 71.35 300.91 11.72 304.17 13.19 331.01
00488 0.474725 60.57 428.02 57.74 406.09 11.81 412.01 14.63 433.93
00488 0.300056 438.81 213.05 429.71 179.44 412.69 184.05 421.79 217.66
00489 0.832277 60.17 406.85 58.22 383.26 1.24 387.99 3.19 411.57
00489 0.677611 62.62 387.76 61.01 360.12 -1.29 363.74 0.31 391.38
00489 0.566807 62.92 346.70 61.56 320.88 9.34 323.63 10.70 349.46
00489 0.550967 449.68 55.45 464.85 55.32 464.55 20.77 449.38 20.90
00490 0.897397 70.89 429.18 69.69 403.47 11.95 406.17 13.15 431.88
00490 0.836768 74.48 405.68 73.07 377.40 7.69 380.64 9.09 408.93
00490 0.785908 75.23 365.50 74.53 339.14 20.25 340.60 20.96 366.95
00490 0.484636 75.96 344.03 75.46 321.63 25.97 322.75 26.48 345.15
00491 0.930026 74.03 490.31 73.54 464.79 16.39 465.91 16.89 491.43
00491 0.863144 77.30 465.75 75.50 436.59 10.08 440.63 11.88 469.79
00491 0.804828 78.69 418.91 77.51 392.51 23.58 394.91 24.76 421.32
00491 0.487112 79.61 396.61 79.20 373.62 28.82 374.53 29.24 397.52
00491 0.460918 497.02 102.37 513.15 102.60 513.64 67.03 497.51 66.81
00492 0.693211 591.71 95.99 605.94 87.19 584.20 52.03 569.97 60.83
00492 0.692919 557.49 102.50 571.90 94.49 554.72 63.59 540.31 71.60
00492 0.655594 572.70 97.03 586.22 88.93 568.62 59.55 555.10 67.65
00492 0.599482 523.45 187.41 541.90 186.87 540.79 149.23 522.34 149.78
00492 0.549063 611.78 9.63 607.42 -5.31 574.32 4.36 578.68 19.30
00492 0.531492 573.73 45.45 585.50 37.14 571.84 17.79 560.07 26.10
00492 0.308645 598.80 84.41 613.62 79.18 603.31 49.93 588.49 55.16
00493 0.782764 630.95 54.34 626.24 38.46 592.39 48.50 597.10 64.38
00493 0.763426 544.34 253.06 562.11 253.00 561.97 210.61 544.20 210.67
00493 0.544594 489.13 181.10 511.10 179.81 506.98 109.86 485.01 111.16
00493 0.532533 632.33 91.42 645.90 82.99 628.94 55.69 615.37 64.11
00493 0.518771 576.99 154.21 591.08 147.07 575.25 115.81 561.15 122.95
00493 0.389477 593.69 150.57 607.83 143.15 590.50 110.13 576.37 117.55
00493 0.358785 596.22 93.20 607.02 84.92 591.31 64.43 580.52 72.70
00494 0.759530 624.25 244.29 641.78 234.96 620.21 194.48 602.68 203.82
00494 0.741581 606.12 249.13 622.49 241.39 604.57 203.53 588.20 211.28
00494 0.432094 624.02 177.12 637.56 168.02 619.89 141.76 606.35 150.87
00494 0.401758 628.45 229.35 644.58 227.12 639.59 191.10 623.46 193.33
00494 0.365422 649.23 129.76 638.69 114.99 620.39 128.05 630.93 142.82
00495 0.519812 632.94 197.86 646.03 188.06 626.16 161.51 613.07 171.30
00495 0.457826 517.36 305.81 542.37 303.75 535.58 221.36 510.58 223.42
00496 0.608171 519.13 136.22 508.94 119.97 478.19 139.24 488.38 155.49
00496 0.387851 266.94 511.00 290.06 510.61 288.94 445.26 265.82 445.66
00497 0.780296 609.09 173.98 625.00 160.21 595.40 126.02 579.50 139.79
00497 0.616494 526.07 352.82 550.20 350.66 542.77 267.31 518.64 269.46
00497 0.493760 625.09 319.03 643.48 309.34 622.46 269.46 604.07 279.15
00497 0.424593 621.90 159.22 632.43 149.43 609.63 124.90 599.10 134.69
00497 0.313808 635.55 298.53 651.82 291.61 639.57 262.81 623.31 269.73
00498 0.842515 624.31 219.33 641.07 205.04 610.23 168.88 593.47 183.18
00498 0.429502 540.56 421.18 565.51 419.08 557.30 321.79 532.36 323.89
00498 0.348921 636.19 371.87 654.91 363.04 638.90 329.10 620.18 337.94
00499 0.852356 563.38 508.54 590.79 505.41 578.98 402.19 551.57 405.32
00499 0.459608 73.59 511.53 90.10 512.15 91.01 487.85 74.50 487.23
00501 0.512913 93.20 500.05 108.38 502.81 113.41 475.18 98.23 472.42
00504 0.613938 617.75 276.19 611.42 263.39 583.04 277.42 589.37 290.22
00505 0.417770 622.86 276.39 615.93 262.63 586.51 277.47 593.44 291.22
00506 0.514486 622.69 276.43 616.04 263.10 586.68 277.77 593.34 291.09
00507 0.697310 528.82 183.48 518.91 165.94 485.07 185.07 494.98 202.60
00508 0.338394 365.62 91.25 385.31 94.87 394.51 44.79 374.81 41.17
00509 0.327934 303.64 474.77 319.93 472.21 315.13 441.69 298.84 444.25
00510 0.816510 301.41 436.03 314.34 426.78 295.61 400.62 282.68 409.88
00510 0.666947 630.28 43.27 639.19 19.69 579.33 -2.92 570.43 20.66
00510 0.607278 576.76 82.67 584.36 64.03 543.76 47.49 536.17 66.14
00510 0.603803 232.92 323.50 247.74 315.59 232.86 287.71 218.04 295.62
00510 0.566789 636.17 25.71 643.29 6.30 601.42 -9.06 594.30 10.35
00510 0.551057 584.90 47.00 589.43 33.77 558.68 23.25 554.15 36.47
00510 0.507506 579.85 57.11 584.01 45.63 555.98 35.47 551.82 46.95
00510 0.430691 641.69 79.59 629.64 55.39 601.13 69.57 613.18 93.78
00511 0.857389 335.19 427.68 347.69 417.34 326.99 392.32 314.49 402.66
00511 0.754746 572.62 70.20 580.22 49.21 539.53 34.48 531.94 55.48
00511 0.678448 622.84 26.39 630.00 2.89 572.17 -14.73 565.01 8.76
00511 0.579627 577.71 47.53 582.48 31.95 545.52 20.63 540.74 36.21
00511 0.487501 600.76 65.30 613.38 75.14 631.34 52.10 618.72 42.27
00511 0.368588 252.72 312.48 265.37 305.75 253.93 284.27 241.29 291.00
00512 0.790419 614.23 101.20 621.18 85.82 583.10 68.62 576.15 84.00
00512 0.596498 572.52 130.20 578.37 114.96 540.56 100.43 534.71 115.68
00512 0.575802 359.17 14.60 369.31 22.17 383.09 3.72 372.95 -3.85
00512 0.548882 164.15 326.31 177.00 314.98 157.47 292.82 144.61 304.16
00512 0.527828 566.75 144.59 573.62 127.13 535.72 112.22 528.85 129.67
00512 0.445483 585.94 103.52 591.26 86.40 553.61 74.71 548.30 91.83
00512 0.428957 618.75 89.37 626.08 73.72 586.03 54.96 578.70 70.61
00512 0.404719 259.11 425.32 269.54 414.18 247.15 393.24 236.73 404.38
00512 0.365286 576.07 116.59 581.85 100.83 543.48 86.77 537.71 102.53
00513 0.788216 610.75 85.62 617.34 69.34 578.19 53.52 571.61 69.80
00513 0.760758 271.85 415.84 282.26 402.95 257.81 383.19 247.39 396.08
00513 0.687424 593.20 95.41 599.82 77.34 551.73 59.72 545.11 77.80
00513 0.680963 440.38 42.30 445.60 21.95 405.37 11.63 400.15 31.99
00513 0.677575 614.23 74.86 622.00 58.01 581.32 39.24 573.55 56.08
00513 0.494395 630.89 65.95 637.49 48.84 587.86 29.68 581.26 46.78
00513 0.474740 444.46 20.64 448.35 4.89 411.56 -4.17 407.68 11.57
00513 0.349759 570.06 40.35 561.86 23.78 527.64 40.71 535.84 57.28
00513 0.309741 568.32 100.24 573.43 86.55 542.45 74.97 537.33 88.66
00514 0.646111 238.11 389.60 246.79 377.13 221.52 359.54 212.84 372.00
00514 0.597195 138.93 308.98 151.27 295.04 123.80 270.73 111.46 284.67
00514 0.463574 502.79 17.09 495.16 0.90 462.64 16.22 470.26 32.41
00515 0.489953 245.68 342.25 254.50 329.45 230.76 313.07 221.93 325.87
00515 0.350179 146.35 263.45 157.18 251.99 136.02 231.97 125.19 243.42
00515 0.339988 58.67 447.04 74.33 437.29 51.57 400.73 35.91 410.47
00515 0.306122 521.83 406.08 535.28 388.98 495.08 357.38 481.64 374.48
00516 0.384918 430.65 92.44 436.38 77.66 400.14 63.62 394.42 78.40
00516 0.374040 136.88 299.48 142.95 287.29 120.01 275.87 113.94 288.06
00517 0.726541 105.85 495.26 117.90 498.17 123.62 474.52 111.57 471.61
00517 0.408350 149.12 245.94 154.62 233.84 130.73 222.97 125.22 235.07
00517 0.338125 513.93 155.80 529.43 161.08 542.19 123.65 526.69 118.36
00518 0.836189 555.25 231.88 544.74 211.46 504.89 231.97 515.41 252.40
00519 0.687037 505.46 382.69 523.02 386.51 532.31 343.85 514.75 340.03
00519 0.390593 478.43 376.27 498.09 380.39 508.26 331.89 488.61 327.76
00519 0.332152 40.28 227.17 44.43 213.79 18.45 205.73 14.30 219.12
00519 0.317305 310.84 413.00 310.24 397.69 274.27 399.11 274.88 414.42
00520 0.885188 441.99 370.79 461.95 374.11 470.14 324.87 450.18 321.55
00520 0.808606 467.86 376.20 486.55 379.08 493.14 336.22 474.45 333.35
00520 0.793299 492.47 381.34 514.58 383.81 519.88 336.44 497.77 333.97
00520 0.529757 571.65 399.75 591.33 402.17 597.43 352.68 577.75 350.25
00520 0.350812 544.33 398.05 566.53 399.90 571.25 343.32 549.05 341.47
00521 0.912996 478.82 378.41 498.02 378.98 499.46 330.19 480.27 329.62
00521 0.889579 452.33 379.72 473.54 380.17 474.70 325.28 453.49 324.83
00521 0.847470 375.98 366.07 395.19 367.47 398.27 325.14 379.06 323.75
00521 0.818773 350.30 363.51 370.96 364.79 373.95 316.61 353.29 315.33
00521 0.580024 400.60 369.78 421.55 370.81 423.93 322.01 402.99 320.98
00522 0.856315 286.79 366.54 308.20 365.61 306.11 317.79 284.69 318.73
00522 0.838955 339.10 368.93 361.24 366.33 354.91 312.53 332.77 315.13
00522 0.831427 236.52 366.20 256.23 365.78 255.19 317.18 235.48 317.61
00522 0.795087 364.74 364.52 383.93 363.13 380.47 315.39 361.28 316.78
00522 0.745882 279.71 467.88 304.72 473.14 315.23 423.16 290.23 417.90
00522 0.685651 263.41 364.99 281.31 364.64 280.50 323.03 262.60 323.37
00523 0.711293 285.48 364.72 305.13 361.55 297.45 313.94 277.80 317.11
00523 0.607573 260.90 372.22 282.44 367.68 270.83 312.59 249.29 317.14
00523 0.569487 209.39 372.59 230.09 369.50 222.94 321.63 202.24 324.73
00523 0.493146 582.43 307.12 578.10 282.65 526.91 291.70 531.23 316.17
00523 0.402744 209.16 474.82 235.22 477.81 240.86 428.71 214.80 425.72
00523 0.307535 184.43 373.74 202.62 372.10 198.78 329.42 180.59 331.06
00524 0.746547 235.09 367.42 255.11 363.43 245.62 315.79 225.60 319.78
00524 0.648660 210.43 375.47 231.74 370.43 218.71 315.42 197.41 320.47
00524 0.473204 525.74 291.65 519.11 268.63 471.17 282.43 477.80 305.45
00525 0.497511 53.34 455.10 77.00 447.99 61.46 396.32 37.80 403.44
00525 0.466395 428.38 316.15 418.87 292.79 372.14 311.82 381.65 335.18
00525 0.462189 109.40 443.14 131.56 435.66 112.46 379.06 90.30 386.54
00525 0.428651 0.54 470.02 21.56 464.84 7.88 409.36 -13.13 414.54
00525 0.396147 135.51 431.19 156.30 424.28 139.41 373.46 118.62 380.37
00526 0.472225 48.02 513.90 68.21 505.72 46.38 451.83 26.19 460.01
00527 0.485309 600.01 130.96 590.12 109.11 539.38 132.08 549.27 153.93
00528 0.763045 570.03 101.82 563.28 89.37 539.42 102.31 546.17 114.75
00528 0.577718 485.90 183.79 473.11 161.42 420.69 191.39 433.48 213.75
00528 0.416608 265.98 483.46 250.40 460.36 200.52 494.01 216.10 517.10
00529 0.847128 578.15 313.52 564.91 293.09 523.46 319.93 536.70 340.37
00529 0.570114 354.51 115.43 370.21 112.74 365.49 85.17 349.79 87.85
00532 0.572028 172.31 59.58 163.94 49.79 144.38 66.54 152.76 76.33
00532 0.522523 103.36 127.97 95.90 118.57 77.10 133.48 84.55 142.88
00532 0.330701 239.24 15.43 243.57 0.61 205.58 -10.49 201.24 4.33
00533 0.399627 250.80 195.08 264.98 208.33 287.28 184.47 273.10 171.22
00533 0.307855 33.26 200.18 23.13 189.33 0.69 210.29 10.82 221.13
00534 0.529510 48.08 176.44 60.32 186.95 81.96 161.77 69.72 151.25
00535 0.469681 68.22 70.28 85.53 84.93 116.43 48.43 99.13 33.78
00535 0.321952 238.17 195.32 245.06 181.17 215.41 166.73 208.52 180.88
00536 0.314767 154.80 21.89 159.79 3.16 120.45 -7.30 115.47 11.43
00537 0.626973 268.43 137.11 274.77 115.38 235.40 103.90 229.06 125.63
00537 0.308933 166.15 258.18 172.26 241.70 138.75 229.27 132.64 245.75
00540 0.890944 502.28 425.77 484.24 405.30 444.27 440.51 462.32 460.99
00540 0.374951 616.93 24.54 613.80 8.50 579.88 15.11 583.00 31.15
00541 0.335849 156.85 374.72 164.47 345.37 110.37 331.32 102.75 360.66
00542 0.555296 140.84 478.22 151.61 445.36 91.51 425.66 80.74 458.52
00544 0.509649 291.65 15.52 292.57 0.59 256.30 -1.65 255.38 13.28
00547 0.809508 462.85 69.86 477.32 76.44 496.54 34.15 482.07 27.57
00548 0.889663 468.48 125.69 484.42 132.16 504.35 83.02 488.41 76.55
00548 0.687389 169.72 298.05 166.40 270.55 119.81 276.17 123.12 303.67
00548 0.418829 441.13 8.72 450.62 15.33 461.12 0.25 451.64 -6.35
00549 0.894135 480.51 189.20 496.73 195.00 515.81 141.59 499.59 135.79
00549 0.712213 154.07 395.77 151.92 364.93 99.34 368.61 101.50 399.45
00550 0.831608 419.16 277.33 438.65 281.75 453.17 217.79 433.68 213.37
00551 0.698704 244.41 36.09 254.65 36.24 255.17 0.89 244.93 0.74
00551 0.567941 342.22 41.00 354.66 40.29 352.26 -1.43 339.83 -0.72
00552 0.917097 508.84 323.90 522.53 330.30 539.53 293.89 525.84 287.50
00552 0.915214 524.61 328.31 538.14 334.65 554.28 300.23 540.75 293.89
00552 0.907332 293.53 324.47 307.78 325.66 311.25 284.08 297.00 282.89
00552 0.893654 552.98 345.54 566.76 352.92 585.78 317.38 572.00 310.01
00552 0.887769 538.87 335.59 552.45 342.21 569.42 307.40 555.84 300.78
00552 0.882582 492.52 317.14 506.44 322.84 521.49 286.06 507.57 280.36
00552 0.764725 216.73 19.68 228.27 19.99 228.79 0.29 217.25 -0.01
00552 0.749176 335.25 84.03 347.93 84.80 350.46 43.18 337.78 42.41
00552 0.517952 201.68 83.45 211.88 84.18 213.48 61.87 203.28 61.14
00553 0.902865 558.92 376.82 572.50 384.13 592.42 347.12 578.84 339.81
00553 0.901795 545.01 367.90 558.35 374.99 577.00 339.85 563.65 332.76
00553 0.899922 528.41 361.99 542.10 369.34 561.76 332.73 548.07 325.38
00553 0.887998 573.44 386.15 586.72 394.29 608.21 359.21 594.93 351.07
00553 0.884708 309.71 356.21 325.93 357.92 330.62 313.47 314.40 311.76
00553 0.846569 512.01 355.07 525.78 361.56 544.29 322.25 530.51 315.76
00553 0.826673 359.31 107.30 372.63 108.51 376.37 67.48 363.05 66.26
00553 0.776185 240.38 38.72 253.21 39.47 255.37 2.42 242.54 1.67
00553 0.672770 223.45 102.65 234.53 104.11 237.39 82.36 226.31 80.90
00554 0.904623 595.75 509.87 610.04 519.49 626.97 494.34 612.68 484.72
00554 0.864257 577.65 510.38 591.92 517.98 609.53 484.92 595.26 477.31
00554 0.840178 556.87 507.27 571.66 514.26 590.79 473.81 576.01 466.82
00554 0.801414 340.36 500.45 356.71 502.37 362.48 453.20 346.13 451.29
00554 0.789747 616.38 510.17 629.96 519.80 643.26 501.04 629.67 491.41
00554 0.786694 255.85 208.47 266.65 210.06 270.11 186.58 259.31 184.99
00554 0.761736 297.91 89.05 308.74 92.70 317.63 66.33 306.80 62.68
00554 0.419292 276.85 136.04 288.46 137.21 292.55 96.52 280.93 95.36
00554 0.325683 401.18 218.40 414.87 219.50 418.47 174.80 404.77 173.70
00555 0.888424 331.80 137.03 343.22 141.15 353.39 112.98 341.97 108.86
00555 0.391542 308.22 185.64 321.07 187.15 326.80 138.66 313.95 137.14
00555 0.335723 432.97 273.90 448.91 275.43 453.25 230.39 437.30 228.86
00556 0.858257 353.78 190.87 365.97 195.74 377.84 166.04 365.65 161.17
00556 0.649188 302.68 319.48 314.07 322.04 319.85 296.31 308.46 293.75
00557 0.704225 493.54 414.18 509.75 417.42 519.17 370.25 502.96 367.02
00557 0.644596 395.02 252.74 407.22 258.45 421.94 227.04 409.74 221.32
00557 0.634058 335.18 386.38 346.51 389.71 353.97 364.31 342.64 360.98
00558 0.830135 438.26 322.09 451.19 329.32 468.43 298.46 455.49 291.24
00558 0.818197 368.00 460.46 380.09 464.68 389.95 436.47 377.85 432.24
00558 0.605600 531.46 502.43 548.71 506.71 561.19 456.49 543.94 452.21
00558 0.539377 406.58 373.42 421.37 377.16 434.43 325.51 419.64 321.77
00559 0.793710 456.60 393.46 470.28 400.64 487.96 366.90 474.27 359.73
00560 0.804404 468.10 466.90 482.01 473.56 498.22 439.74 484.32 433.07
00562 0.850494 245.67 102.96 256.79 103.09 257.24 63.70 246.12 63.58
00562 0.513864 347.47 110.14 360.72 109.35 357.48 54.94 344.23 55.73
00568 0.811482 333.44 182.27 345.71 192.25 370.97 161.18 358.70 151.21
00568 0.635270 302.80 174.64 314.56 183.18 337.73 151.31 325.97 142.77
00569 0.805970 218.39 332.48 234.58 339.76 254.48 295.52 238.29 288.24
00569 0.774498 185.22 330.56 200.20 336.19 215.91 294.36 200.93 288.73
00570 0.845149 360.96 470.51 376.59 483.14 408.08 444.16 392.45 431.53
00570 0.579847 328.93 457.11 343.58 467.53 370.81 429.27 356.17 418.85
00573 0.890442 246.82 209.59 260.18 209.73 260.69 160.47 247.33 160.33
00573 0.727899 355.49 213.42 370.09 212.64 366.82 151.52 352.23 152.30
00574 0.330085 164.46 110.83 162.73 100.99 134.49 105.96 136.22 115.80
00575 0.500041 158.90 199.54 157.05 188.67 124.97 194.12 126.82 205.00
00576 0.329119 555.93 273.20 560.41 263.80 539.04 253.62 534.56 263.02
00581 0.899902 247.12 364.40 262.16 364.42 262.24 307.85 247.20 307.83
00581 0.707771 365.43 369.20 381.36 368.42 378.01 299.57 362.08 300.34
00582 0.839906 244.82 511.73 263.80 511.86 264.23 449.84 245.25 449.71
00582 0.717212 373.37 509.60 389.93 508.78 386.50 439.83 369.94 440.66
00584 0.912639 425.26 133.57 437.83 137.22 447.10 105.23 434.53 101.58
00584 0.904491 398.17 128.23 411.12 131.22 418.86 97.69 405.90 94.70
00584 0.898094 437.90 138.57 451.14 143.69 463.81 110.95 450.57 105.82
00584 0.888712 412.84 130.08 424.73 133.13 432.94 101.10 421.05 98.05
00584 0.825932 381.67 125.82 394.25 128.89 402.26 96.04 389.68 92.97
00584 0.797061 204.18 160.02 219.37 160.51 220.64 121.19 205.45 120.70
00585 0.897976 436.65 246.49 449.94 249.25 457.54 212.72 444.25 209.95
00585 0.895711 406.84 239.32 419.95 242.25 427.86 206.87 414.75 203.94
00585 0.885045 420.94 241.32 434.58 244.88 443.75 209.74 430.10 206.18
00585 0.879468 450.10 250.21 463.95 254.71 476.19 217.07 462.33 212.57
00585 0.835127 200.54 278.57 215.51 278.18 214.41 236.21 199.44 236.60
00585 0.762764 388.71 235.78 402.66 239.06 411.30 202.32 397.36 199.04
00585 0.713464 199.84 42.94 211.76 42.05 209.07 6.06 197.15 6.95
00585 0.379087 69.82 64.83 80.53 64.84 80.55 42.84 69.84 42.83
00585 0.333214 100.64 140.11 115.72 140.23 116.17 80.43 101.09 80.31
00586 0.941993 416.33 301.60 430.28 304.44 437.93 266.85 423.99 264.01
00586 0.907029 446.83 308.46 460.08 311.56 468.83 274.14 455.58 271.04
00586 0.904718 431.67 304.08 445.49 307.34 454.44 269.43 440.62 266.17
00586 0.893003 460.69 312.32 474.82 316.96 486.74 280.63 472.61 275.99
00586 0.862611 397.63 297.33 411.42 300.34 419.52 263.25 405.73 260.24
00586 0.838341 201.05 92.70 213.04 91.76 210.19 55.50 198.20 56.44
00586 0.819797 203.38 341.24 219.48 340.24 216.88 298.23 200.78 299.23
00586 0.751452 70.98 53.06 83.25 51.91 79.04 6.87 66.77 8.02
00586 0.690058 67.21 117.51 78.10 117.24 77.57 94.86 66.68 95.13
00603 0.760449 240.35 41.02 258.29 39.50 255.08 1.68 237.14 3.20
00619 0.442407 376.71 323.02 398.57 324.00 400.85 273.35 378.99 272.37
00622 0.815237 249.47 203.57 247.58 180.17 195.56 184.37 197.45 207.77
00624 0.874618 300.12 292.91 321.52 291.68 318.13 232.49 296.73 233.72
00656 0.619311 52.46 194.35 66.58 206.28 88.99 179.73 74.87 167.80
00657 0.718626 186.83 137.27 187.48 120.05 146.96 118.53 146.31 135.74
00657 0.356743 214.91 97.56 220.16 83.60 185.44 70.54 180.19 84.50
00657 0.351405 286.80 25.74 298.86 34.66 312.19 16.64 300.13 7.72
00658 0.316946 597.07 19.60 610.52 24.67 618.37 3.87 604.92 -1.20
00660 0.351101 61.69 204.61 75.89 215.71 99.31 185.77 85.11 174.66
00662 0.421328 135.54 415.53 165.45 423.99 190.05 337.01 160.14 328.55
00667 0.318024 154.65 510.31 174.82 517.13 186.07 483.81 165.90 477.00
00671 0.483123 68.13 105.52 85.00 114.30 102.70 80.31 85.83 71.52
00674 0.332269 94.01 259.59 107.52 265.30 118.43 239.51 104.92 233.80
00678 0.850214 83.97 504.57 108.98 519.46 140.22 466.99 115.21 452.10
00679 0.857300 39.32 439.51 61.27 452.48 86.40 409.92 64.46 396.96
00680 0.615482 -16.39 384.42 5.55 397.45 25.39 364.06 3.45 351.02
00682 0.875201 589.84 472.56 611.42 476.66 625.22 404.03 603.65 399.93
00682 0.864500 541.48 501.76 560.29 511.55 588.53 457.32 569.72 447.53
00682 0.861101 538.64 450.95 559.01 461.47 590.87 399.80 570.50 389.28
00682 0.473847 604.15 509.22 624.28 513.63 628.82 492.87 608.69 488.47
00682 0.393296 630.27 509.64 640.24 509.89 641.62 456.06 631.65 455.81
00683 0.924100 472.18 453.60 491.64 463.97 525.22 400.98 505.76 390.60
00683 0.898742 470.24 507.66 489.11 518.81 522.91 461.60 504.04 450.45
00683 0.896590 563.02 512.06 585.52 513.52 588.88 461.87 566.38 460.40
00683 0.896068 522.46 476.17 544.98 480.43 559.16 405.36 536.64 401.11
00683 0.894146 592.05 295.56 614.58 294.81 612.15 222.14 589.63 222.89
00683 0.879297 590.66 477.49 613.26 476.35 609.82 408.18 587.21 409.32
00683 0.687899 532.21 510.05 552.28 518.25 560.48 498.17 540.41 489.97
00684 0.926262 285.07 474.60 303.76 484.83 344.48 410.47 325.79 400.23
00684 0.918488 408.48 492.04 429.91 491.10 426.75 419.15 405.32 420.09
00684 0.898000 382.17 511.23 405.12 512.89 408.11 471.68 385.15 470.02
00684 0.887778 343.02 477.15 363.57 481.89 378.71 416.16 358.16 411.43
00684 0.868513 409.44 299.99 431.38 298.88 427.96 231.35 406.03 232.46
00684 0.663873 330.11 510.41 348.49 519.72 366.70 483.76 348.32 474.45
00684 0.658737 293.80 509.90 311.77 520.58 340.62 472.05 322.65 461.37
00684 0.387197 371.74 513.47 371.85 502.81 357.82 502.67 357.71 513.33
00685 0.919409 214.88 508.54 233.81 518.72 267.42 456.25 248.50 446.06
00685 0.900693 330.60 512.64 353.24 511.34 350.52 463.86 327.88 465.16
00685 0.888866 333.22 354.08 355.55 352.08 348.77 276.42 326.44 278.42
00685 0.836482 267.09 511.38 287.22 517.15 302.62 463.48 282.49 457.70
00686 0.934534 288.58 465.48 311.41 467.49 317.60 396.97 294.77 394.96
00686 0.930806 199.36 442.15 217.38 452.36 248.84 396.87 230.82 386.65
00686 0.924977 200.02 389.76 218.74 399.17 251.33 334.39 232.62 324.98
00686 0.912903 317.90 420.79 340.96 419.64 337.06 341.38 313.99 342.53
00686 0.874989 251.11 402.64 270.81 407.79 288.54 339.93 268.84 334.78
00686 0.828768 318.18 225.20 341.16 223.69 336.67 155.33 313.69 156.83
00687 0.918763 288.46 315.42 311.48 317.67 318.40 247.09 295.38 244.83
00687 0.917852 317.29 272.98 340.63 272.57 339.17 189.63 315.84 190.04
00687 0.914459 199.87 238.94 218.91 248.22 251.30 181.78 232.26 172.50
00687 0.902748 193.14 301.54 211.70 311.92 248.10 246.80 229.54 236.42
00687 0.898585 318.56 79.02 341.73 77.71 337.45 1.95 314.28 3.26
00687 0.856616 259.53 28.51 282.34 31.69 286.78 -0.16 263.96 -3.33
00687 0.766479 250.62 257.87 271.17 262.53 287.86 188.88 267.32 184.23
00688 0.927886 193.57 210.39 212.24 221.53 250.38 157.63 231.70 146.48
00688 0.924612 200.67 150.04 220.26 159.19 250.85 93.69 231.26 84.54
00688 0.916708 289.38 227.14 312.71 229.26 319.10 159.00 295.77 156.87
00688 0.914318 318.12 186.30 339.86 185.81 338.08 107.03 316.34 107.52
00688 0.882285 251.30 163.43 271.67 168.87 289.27 102.96 268.89 97.52
00689 0.833601 192.54 21.66 211.14 34.56 234.75 0.55 216.15 -12.36
00690 0.502648 314.77 142.93 320.12 129.09 278.96 113.19 273.61 127.02
00691 0.530885 315.24 63.96 320.78 49.21 284.40 35.54 278.86 50.29
00692 0.456336 78.23 78.99 93.46 87.21 111.15 54.45 95.92 46.23
00697 0.548437 150.94 389.82 166.07 394.35 175.49 362.89 160.36 358.36
00698 0.661913 161.25 315.03 177.60 318.62 186.40 278.59 170.06 275.00
00698 0.522393 75.85 312.37 81.13 296.02 32.78 280.42 27.50 296.77
00698 0.498494 53.77 279.74 61.53 264.67 23.73 245.21 15.97 260.28
00698 0.458222 186.90 451.59 193.71 440.52 159.41 419.42 152.60 430.49
00698 0.339616 93.83 229.09 99.43 215.42 68.60 202.77 62.99 216.43
00699 0.606030 109.99 211.69 117.79 196.04 78.23 176.34 70.43 191.99
00699 0.465326 114.95 258.99 120.73 244.44 89.61 232.08 83.83 246.63
00699 0.429534 130.61 246.40 135.86 229.35 93.60 216.36 88.36 233.41
00699 0.426153 70.88 180.32 70.66 164.88 32.51 165.42 32.73 180.86
00699 0.376089 218.02 243.74 234.41 248.68 245.94 210.43 229.55 205.50
00700 0.768233 304.21 215.01 312.16 199.00 274.02 180.07 266.07 196.07
00700 0.716840 324.53 249.96 331.36 233.15 287.48 215.32 280.65 232.12
00700 0.408336 344.58 162.92 349.90 148.75 317.87 136.70 312.54 150.87
00701 0.696316 474.20 164.82 479.33 150.03 445.87 138.40 440.73 153.19
00701 0.604791 307.74 238.29 312.78 224.05 279.52 212.29 274.48 226.53
00701 0.474732 452.49 247.74 457.74 233.49 418.64 219.09 413.39 233.33
00701 0.469465 295.55 92.20 300.56 77.64 272.95 68.15 267.94 82.71
00701 0.433850 436.22 282.80 443.77 267.31 409.72 250.72 402.17 266.21
00701 0.389584 431.82 215.11 439.82 200.04 403.21 180.61 395.21 195.68
00701 0.323855 507.77 255.50 516.69 238.55 479.38 218.93 470.46 235.87
00701 0.307380 474.71 278.97 481.54 264.32 449.83 249.53 443.00 264.17
00702 0.495808 383.08 99.66 388.62 83.46 356.94 72.63 351.40 88.83
00714 0.313033 26.27 56.45 40.71 64.71 61.56 28.24 47.11 19.99
00726 0.779899 390.78 150.57 395.11 131.05 350.05 121.06 345.72 140.58
00726 0.532513 495.49 134.47 498.51 116.20 456.58 109.27 453.56 127.55
00727 0.663702 198.67 304.41 202.42 285.58 157.30 276.59 153.55 295.41
00727 0.552015 640.51 204.53 649.15 183.29 615.48 169.60 606.84 190.83
00727 0.518970 298.84 290.74 303.20 270.65 264.97 262.37 260.62 282.46
00728 0.636890 60.91 316.16 64.02 296.10 17.65 288.92 14.55 308.98
00728 0.487277 45.66 342.89 48.48 325.84 10.37 319.53 7.55 336.58
00728 0.444729 153.60 301.92 158.31 281.96 121.88 273.37 117.18 293.33
00728 0.387153 35.00 420.34 38.06 401.70 -0.81 395.31 -3.88 413.95
00728 0.354470 44.09 365.40 47.82 348.94 8.23 339.97 4.51 356.44
00730 0.723666 513.07 181.02 522.72 160.08 465.03 133.47 455.37 154.40
00731 0.753532 452.07 188.93 460.99 168.95 405.72 144.30 396.81 164.28
00734 0.858803 392.81 477.84 401.18 456.44 340.87 432.85 332.50 454.24
00734 0.382380 202.22 511.18 219.78 514.03 222.48 497.39 204.92 494.54
00734 0.310471 330.92 508.94 349.12 522.34 364.02 502.10 345.82 488.70
00736 0.396189 14.85 249.87 31.03 256.68 47.79 216.84 31.61 210.04
00737 0.911559 394.47 77.13 394.50 56.44 346.67 56.37 346.64 77.06
00738 0.874972 398.78 181.91 398.18 162.16 351.12 163.58 351.72 183.34
00739 0.871194 400.84 297.92 400.16 278.84 353.13 280.52 353.81 299.60
00740 0.915716 404.28 479.91 403.31 459.46 355.16 461.74 356.13 482.19
00740 0.609924 416.11 399.00 424.41 375.64 379.79 359.80 371.50 383.16
00742 0.847719 420.12 373.39 419.24 353.80 372.35 355.90 373.22 375.48
00743 0.885664 636.18 363.21 635.21 342.57 585.42 344.90 586.38 365.54
00745 0.680273 633.64 476.14 632.27 454.93 584.35 458.03 585.72 479.23
00745 0.562688 181.78 131.25 187.24 117.77 154.65 104.57 149.19 118.05
00747 0.914138 539.45 207.69 557.79 218.06 592.91 155.90 574.56 145.54
00747 0.907699 541.56 151.93 561.42 162.43 597.31 94.52 577.44 84.02
00747 0.903147 598.03 155.38 619.34 159.41 630.30 101.43 608.99 97.41
00756 0.382444 388.08 247.43 392.61 234.25 362.15 223.78 357.62 236.96
00757 0.904049 541.63 293.55 561.59 303.31 593.85 237.34 573.89 227.58
00757 0.886938 533.55 359.58 553.04 370.02 591.87 297.60 572.38 287.15
00757 0.821224 593.88 301.11 615.40 305.33 627.78 242.18 606.26 237.96
00758 0.904584 538.79 377.29 558.20 387.75 592.44 324.21 573.03 313.75
00758 0.902391 534.32 441.58 552.97 451.54 589.12 383.92 570.47 373.95
00758 0.861198 592.49 394.80 612.95 398.41 625.48 327.47 605.02 323.86
00758 0.343078 630.19 452.28 640.35 452.72 643.50 380.46 633.34 380.02
00760 0.432404 546.17 485.96 559.14 493.19 570.96 471.96 557.98 464.73
00789 0.737004 39.11 285.41 31.62 276.56 8.87 295.81 16.36 304.66
00790 0.719330 14.91 302.35 23.60 310.54 45.57 287.26 36.89 279.06
00792 0.785298 515.83 217.13 527.61 211.13 514.64 185.68 502.86 191.68
00792 0.414682 182.98 473.47 195.57 464.43 176.09 437.28 163.50 446.32
00796 0.383365 604.46 56.41 615.27 54.56 611.31 31.38 600.51 33.22
00797 0.412533 626.16 159.35 633.90 153.44 618.96 133.89 611.23 139.81
00803 0.525091 96.64 160.22 84.87 141.04 39.43 168.94 51.21 188.11
00811 0.637033 53.62 130.84 50.69 118.87 23.38 125.55 26.30 137.52
00811 0.513005 103.73 252.41 98.55 231.84 44.18 245.53 49.37 266.10
00813 0.488780 382.66 273.58 395.33 281.42 415.97 248.07 403.30 240.23
00813 0.480274 269.82 219.39 286.29 228.43 310.54 184.26 294.07 175.22
00814 0.604593 271.13 397.21 288.98 406.75 314.69 358.63 296.84 349.09
00814 0.351562 41.40 92.68 49.75 76.24 13.11 57.63 4.76 74.06
00821 0.330129 514.50 510.86 529.95 510.79 529.85 486.12 514.40 486.18
00844 0.384066 -14.14 128.89 4.27 144.13 41.90 98.64 23.49 83.41
00845 0.346458 -12.27 206.46 4.82 220.37 41.90 174.80 24.81 160.90
00846 0.304510 -16.27 352.97 2.32 370.10 43.41 325.51 24.82 308.38
00848 0.430443 249.14 72.17 264.03 52.27 201.12 5.18 186.22 25.08
00849 0.631784 243.52 202.06 256.51 183.33 202.00 145.52 189.01 164.25
00849 0.491832 282.29 166.75 296.71 147.31 236.35 102.51 221.92 121.94
00849 0.473406 297.38 254.61 313.80 233.95 259.45 190.74 243.03 211.39
00849 0.374414 399.84 101.65 419.39 78.26 324.97 -0.66 305.42 22.72
00851 0.588870 279.84 323.33 294.95 305.54 239.72 258.62 224.61 276.41
00851 0.366053 312.26 427.67 333.40 401.03 204.48 298.69 183.34 325.33
00852 0.593463 187.40 254.61 197.51 230.14 81.49 182.22 71.38 206.70
00852 0.376773 217.39 182.79 228.25 157.15 125.83 113.78 114.97 139.42
00852 0.364878 175.15 279.22 185.55 254.75 84.14 211.64 73.74 236.10
00852 0.324719 210.32 206.97 220.85 181.48 100.40 131.72 89.87 157.21
00853 0.305225 246.97 314.04 262.96 296.45 173.23 214.84 157.24 232.43
00855 0.612846 529.95 510.54 552.41 491.95 475.88 399.53 453.42 418.12
00896 0.557958 207.39 299.65 212.35 289.67 186.64 276.87 181.68 286.85
00896 0.320879 190.85 37.09 198.13 42.05 208.54 26.80 201.26 21.84
00907 0.704962 206.57 353.80 211.59 343.59 185.32 330.68 180.30 340.90
00907 0.312331 123.99 170.22 131.61 175.36 141.57 160.60 133.95 155.46
00927 0.321395 370.87 105.33 380.36 104.66 377.36 61.80 367.86 62.47
00928 0.691860 557.15 189.77 562.04 181.18 541.92 169.72 537.03 178.31
00929 0.583004 439.02 313.89 440.34 304.75 417.81 301.50 416.49 310.64
00931 0.477725 572.44 480.87 582.15 478.57 576.36 454.08 566.66 456.37
00954 0.640544 594.27 165.99 591.45 155.70 564.77 163.00 567.59 173.30
00954 0.607721 143.45 252.15 140.79 237.58 104.15 244.27 106.81 258.84
00954 0.548194 408.80 198.50 404.89 176.55 340.28 188.06 344.19 210.01
00954 0.459570 610.17 173.22 607.65 163.34 584.62 169.20 587.14 179.08
00955 0.753841 185.26 246.20 180.33 222.76 103.57 238.90 108.50 262.34
00955 0.431985 396.73 196.59 392.72 185.24 367.31 194.24 371.33 205.58
00956 0.599379 189.49 234.22 185.02 222.11 153.78 233.64 158.25 245.75
00956 0.444826 117.13 266.19 113.36 254.48 85.86 263.32 89.63 275.04
00957 0.485336 50.36 302.87 42.97 279.65 -5.37 295.03 2.01 318.25
00958 0.815780 280.48 234.33 271.38 218.62 239.12 237.30 248.22 253.01
00959 0.591295 445.73 167.26 437.38 153.57 409.83 170.36 418.18 184.06
00959 0.572423 437.00 134.22 430.14 120.51 405.04 133.08 411.91 146.78
00960 0.823933 195.24 308.86 184.69 290.05 145.89 311.82 156.45 330.62
00965 0.730146 182.16 510.02 207.36 522.51 228.93 478.95 203.73 466.47
00965 0.339105 358.93 155.52 370.26 160.50 379.82 138.77 368.49 133.78
00966 0.829547 289.23 458.89 313.41 468.42 337.78 406.60 313.61 397.07
00967 0.835344 285.57 399.51 306.64 405.14 318.36 361.30 297.29 355.66
00968 0.879461 211.58 361.42 233.10 363.67 238.11 315.90 216.59 313.64
00969 0.825965 56.73 324.92 76.69 325.93 78.93 281.68 58.97 280.68
00970 0.615160 43.41 475.78 70.54 478.77 80.06 392.55 52.93 389.55
00970 0.432963 19.92 416.47 38.26 419.12 43.26 384.51 24.92 381.86
00971 0.859463 41.08 262.22 59.91 264.15 63.87 225.51 45.03 223.58
00971 0.650328 -4.90 456.71 12.14 460.18 20.14 420.81 3.10 417.34
00971 0.648676 17.11 510.51 42.53 513.70 50.18 452.70 24.76 449.52
00974 0.642954 176.56 178.96 192.65 181.33 196.69 153.89 180.60 151.53
00975 0.607855 264.07 209.36 262.98 196.23 233.42 198.69 234.51 211.82
00976 0.773324 212.46 150.42 227.51 153.38 232.58 127.66 217.52 124.69
00976 0.459092 227.84 349.24 242.10 351.48 247.66 316.09 233.40 313.85
00976 0.447709 254.18 84.46 265.65 85.39 268.13 54.65 256.66 53.72
00977 0.747885 169.47 400.98 191.99 405.15 204.69 336.55 182.17 332.38
00977 0.714257 229.47 129.31 243.98 131.73 251.32 87.66 236.81 85.25
00978 0.861600 176.92 395.66 199.03 399.70 212.07 328.34 189.97 324.30
00978 0.447326 235.53 127.06 247.80 129.13 253.07 97.87 240.80 95.80
00979 0.554224 53.03 109.48 67.12 110.46 68.73 87.49 54.64 86.50
00983 0.729950 317.24 103.86 328.20 96.84 313.93 74.54 302.97 81.56
00983 0.466223 233.92 14.70 242.15 7.34 229.28 -7.05 221.05 0.31
00985 0.779284 161.83 89.86 175.81 85.47 168.01 60.63 154.03 65.02
00986 0.340942 -0.37 258.43 10.96 257.00 7.80 231.93 -3.53 233.36
00988 0.864962 229.80 499.95 250.66 510.01 275.27 458.94 254.40 448.89
00993 0.431843 481.69 252.60 477.47 243.54 449.83 256.43 454.06 265.49
00993 0.365203 509.47 240.07 505.35 230.80 478.20 242.88 482.32 252.15
00993 0.332473 487.68 226.67 486.53 215.71 458.75 218.63 459.90 229.59
00994 0.472947 249.50 188.13 247.04 174.90 218.32 180.24 220.79 193.48
00994 0.460927 544.59 159.30 542.51 147.07 513.91 151.93 515.99 164.16
00995 0.880607 352.41 157.91 373.15 137.27 322.59 86.46 301.85 107.10
00995 0.408677 621.59 510.58 646.93 505.70 638.39 461.36 613.05 466.25
00995 0.355898 631.22 510.26 630.31 488.05 593.55 489.55 594.46 511.76
01005 0.681672 203.62 369.91 220.64 370.46 222.13 324.16 205.11 323.61
01005 0.635494 589.63 510.43 583.06 489.15 532.74 504.70 539.31 525.97
01006 0.792240 542.63 499.26 562.06 502.09 568.00 461.23 548.58 458.41
01006 0.319195 147.19 77.13 154.09 59.79 118.95 45.81 112.05 63.15
01008 0.895171 149.59 297.35 160.49 281.09 126.64 258.38 115.73 274.65
01009 0.903654 136.59 474.16 147.29 456.86 108.29 432.75 97.60 450.06
01009 0.531840 397.59 185.41 419.66 189.73 427.83 148.03 405.76 143.70
01010 0.714617 265.89 513.84 294.02 511.64 287.54 428.94 259.42 431.14
01011 0.317247 379.98 512.52 397.42 511.03 395.92 493.51 378.49 494.99
01016 0.860441 273.26 412.26 295.72 410.45 288.62 322.18 266.15 323.99
01016 0.493773 138.38 146.97 160.63 145.39 156.31 84.62 134.07 86.20
01017 0.742289 534.72 82.05 552.15 79.31 546.64 44.31 529.22 47.05
01017 0.535024 128.30 252.74 152.92 251.64 149.88 183.96 125.26 185.06
01018 0.770615 564.99 510.20 577.41 493.64 531.69 459.34 519.26 475.91
01019 0.703189 184.48 410.49 211.02 412.44 216.56 337.00 190.02 335.05
01021 0.871415 326.17 284.37 346.21 287.06 353.13 235.39 333.09 232.71
01032 0.563037 215.63 317.73 230.77 320.87 237.07 290.40 221.93 287.27
01033 0.621740 133.21 130.91 156.01 136.35 174.25 60.01 151.45 54.57
01033 0.382275 360.07 9.27 360.95 -0.26 339.46 -2.25 338.57 7.28
01034 0.888118 319.12 112.85 345.22 115.36 356.39 -0.78 330.29 -3.29
01034 0.587391 302.33 60.61 321.66 61.85 324.93 10.89 305.60 9.65
01034 0.391046 309.49 16.11 322.91 16.85 323.81 0.50 310.39 -0.24
01035 0.844624 302.16 122.49 322.71 124.09 328.37 51.29 307.82 49.69
01035 0.816005 321.37 175.69 346.36 178.40 359.53 56.93 334.53 54.22
01035 0.493368 347.02 384.24 362.85 385.09 365.06 343.74 349.23 342.90
01035 0.381209 36.07 512.82 55.01 518.81 66.50 482.51 47.57 476.52
01036 0.890596 300.15 269.53 321.76 271.15 328.16 185.85 306.56 184.23
01036 0.864883 319.34 332.53 345.63 335.45 361.14 195.90 334.86 192.98
01037 0.819754 320.73 481.82 347.62 483.80 352.88 412.77 325.98 410.78
01037 0.769942 326.33 429.45 352.98 431.33 360.06 330.99 333.41 329.11
01037 0.762683 304.35 351.85 323.99 353.16 326.72 312.26 307.08 310.95
01037 0.417320 299.63 408.44 322.20 409.74 326.81 329.74 304.24 328.44
01038 0.628920 389.41 511.83 417.23 512.52 418.26 470.75 390.44 470.06
01038 0.387089 183.50 25.07 198.61 23.58 196.13 -1.68 181.02 -0.20
01039 0.862282 566.49 328.73 591.90 316.98 557.61 242.83 532.20 254.58
01039 0.338030 361.48 62.76 384.28 64.98 389.12 15.29 366.33 13.07
01041 0.472843 417.78 510.57 416.36 489.14 387.92 491.04 389.35 512.47
01042 0.640306 421.93 513.05 452.98 510.92 449.67 462.66 418.62 464.79
01043 0.637510 530.74 493.53 558.61 485.43 528.44 381.58 500.56 389.68
01043 0.428326 495.14 471.82 520.31 464.05 502.65 406.86 477.48 414.63
01044 0.355228 552.21 471.84 580.21 457.06 506.77 317.88 478.77 332.66
01045 0.856889 544.52 347.43 561.47 330.25 466.65 236.71 449.70 253.89
01045 0.627100 459.05 263.76 479.04 240.96 428.38 196.56 408.39 219.36
01046 0.799744 595.43 322.57 617.99 295.91 503.56 199.09 481.00 225.75
01047 0.863235 635.52 223.91 654.42 191.94 539.46 123.96 520.55 155.93
01048 0.899700 635.10 143.04 648.67 105.67 517.63 58.08 504.06 95.46
01048 0.857067 97.41 68.34 105.20 33.03 4.81 10.90 -2.97 46.20
01049 0.881731 361.16 152.93 368.54 118.82 256.57 94.60 249.19 128.71
01049 0.880419 590.70 137.17 601.26 102.17 466.60 61.55 456.04 96.55
01050 0.945307 63.35 512.27 83.38 495.42 34.32 437.09 14.29 453.95
01050 0.932591 164.71 251.46 146.27 227.55 86.39 273.74 104.83 297.65
01050 0.929988 94.95 492.48 115.95 473.94 67.18 418.69 46.17 437.24
01050 0.928455 59.63 221.46 78.67 202.61 31.05 154.53 12.01 173.39
01050 0.918694 126.95 461.04 146.91 440.56 91.69 386.71 71.72 407.18
01050 0.912450 37.22 243.76 56.41 224.06 6.27 175.25 -12.91 194.95
01050 0.890539 139.86 238.21 121.13 211.57 60.27 254.36 79.00 281.00
01050 0.567378 15.71 526.62 33.41 509.84 1.07 475.73 -16.63 492.51
01050 0.451520 0.13 277.56 15.95 277.53 15.89 244.87 0.07 244.90
01051 0.858971 82.58 180.72 88.03 147.40 5.25 133.86 -0.20 167.18
01051 0.813328 506.39 175.88 513.16 143.28 380.23 115.66 373.45 148.26
01051 0.616074 624.71 303.75 636.05 266.83 514.09 229.36 502.74 266.29
01051 0.387101 2.69 507.06 25.24 521.75 49.97 483.79 27.41 469.10
01052 0.859546 340.11 249.66 344.54 212.74 221.13 197.92 216.70 234.84
01052 0.743250 412.39 176.45 415.55 138.83 271.05 126.71 267.90 164.33
01053 0.846476 381.92 174.11 381.44 141.93 237.34 144.06 237.82 176.25
01053 0.547779 640.66 265.91 644.35 229.48 556.48 220.57 552.79 257.01
01054 0.875201 453.99 179.87 452.95 140.41 307.62 144.22 308.66 183.69
01054 0.351778 474.02 509.86 476.86 492.08 431.62 484.84 428.78 502.62
01055 0.818805 395.81 263.39 394.82 230.24 273.82 233.87 274.82 267.02
01055 0.537149 488.99 184.86 487.72 146.12 344.04 150.86 345.32 189.60
01056 0.661068 482.88 185.33 481.04 148.82 333.04 156.31 334.88 192.82
01057 0.894325 237.62 289.78 234.05 261.38 160.14 270.67 163.71 299.07
01057 0.856815 440.28 193.50 436.75 155.04 288.47 168.67 292.01 207.13
01058 0.910059 625.93 272.66 624.69 242.44 546.89 245.62 548.12 275.84
01058 0.809318 455.47 208.81 451.90 168.75 300.70 182.25 304.28 222.31
01059 0.922904 576.28 244.29 577.23 207.57 425.61 203.64 424.66 240.35
01060 0.864468 636.80 264.27 640.31 226.31 493.08 212.68 489.56 250.64
01061 0.937999 303.97 205.47 327.48 196.18 303.05 134.38 279.55 143.67
01061 0.930811 235.04 476.25 259.92 468.53 237.33 395.77 212.45 403.49
01061 0.930650 14.24 269.91 38.13 263.91 21.71 198.57 -2.18 204.57
01061 0.923307 76.98 260.45 98.87 251.64 75.05 192.44 53.15 201.25
01061 0.922530 275.85 218.00 299.48 207.77 272.97 146.56 249.35 156.79
01061 0.922528 387.76 277.61 380.04 247.37 308.39 265.65 316.10 295.89
01061 0.920147 201.08 478.91 224.32 471.09 200.55 400.44 177.31 408.26
01061 0.919967 275.86 458.10 301.26 447.10 270.52 376.12 245.12 387.12
01061 0.918508 80.41 516.18 107.41 510.01 97.36 466.00 70.35 472.17
01061 0.918004 194.26 177.99 217.22 166.76 188.64 108.32 165.68 119.56
01061 0.917886 229.50 241.77 253.12 228.60 220.71 170.49 197.09 183.66
01061 0.915711 158.61 503.64 182.38 496.19 158.53 420.09 134.76 427.54
01061 0.913765 110.84 249.80 133.05 240.10 107.30 181.13 85.09 190.83
01061 0.910186 110.57 369.78 134.53 360.94 108.75 291.12 84.80 299.96
01061 0.903624 370.90 255.10 364.53 222.99 290.21 237.72 296.58 269.83
01061 0.884408 76.95 382.06 101.65 372.44 75.14 304.34 50.44 313.95
01061 0.613244 26.28 86.26 47.69 75.14 21.21 24.14 -0.20 35.25
01062 0.769128 637.05 272.07 642.26 236.15 557.19 223.81 551.98 259.73
01065 0.603091 490.92 60.37 501.41 49.66 474.49 23.30 464.01 34.01
01069 0.711160 125.03 108.58 152.78 112.17 164.01 25.58 136.26 21.98
01070 0.730775 316.63 205.32 341.90 216.68 377.19 138.16 351.92 126.80
01071 0.822347 389.83 357.94 416.08 373.72 468.61 286.36 442.36 270.58
01072 0.950725 223.64 225.11 247.66 229.73 259.83 166.44 235.81 161.82
01072 0.943630 515.96 285.14 542.30 284.66 541.08 216.99 514.74 217.46
01072 0.942219 601.20 389.63 605.51 356.71 527.59 346.50 523.28 379.42
01072 0.940921 255.08 232.77 277.52 235.56 285.39 172.37 262.95 169.57
01072 0.940248 550.99 283.71 575.37 283.20 574.00 217.91 549.62 218.42
01072 0.933935 180.11 128.97 199.51 111.97 159.61 66.44 140.21 83.45
01072 0.926992 204.61 64.28 227.39 68.29 237.49 10.92 214.71 6.91
01072 0.925837 174.95 74.82 196.95 74.86 197.06 18.95 175.07 18.91
01072 0.920248 348.20 252.38 371.33 252.09 370.51 186.56 347.38 186.85
01072 0.918660 252.10 67.74 273.55 68.54 275.73 10.46 254.28 9.65
01072 0.907736 138.78 412.08 144.61 381.28 71.34 367.40 65.50 398.21
01072 0.903953 595.07 357.29 598.42 323.96 518.38 315.90 515.02 349.23
01072 0.903512 339.55 507.45 364.84 509.78 371.92 433.09 346.64 430.76
01072 0.901392 135.21 452.01 138.31 418.37 57.94 410.96 54.84 444.59
01072 0.900203 301.96 364.11 326.12 364.88 328.50 290.65 304.33 289.88
01072 0.899256 267.56 361.26 292.39 361.28 292.44 293.47 267.61 293.45
01072 0.894472 418.91 514.22 445.82 514.35 446.19 438.32 419.27 438.19
01072 0.893070 212.46 505.12 237.98 511.54 253.29 450.71 227.77 444.29
01072 0.880258 293.03 509.86 316.64 512.12 324.11 434.06 300.51 431.80
01072 0.876126 461.71 288.51 487.44 285.67 480.11 219.13 454.38 221.96
01072 0.871720 313.13 250.50 335.80 250.35 335.37 185.29 312.69 185.45
01072 0.837631 375.34 512.04 401.05 513.53 405.05 444.70 379.34 443.20
01072 0.783139 289.22 64.78 310.00 64.67 309.67 5.47 288.89 5.58
01072 0.684805 335.18 65.23 356.72 62.78 350.48 8.04 328.94 10.50
01072 0.608253 144.35 65.42 165.67 65.55 165.96 16.94 144.65 16.81
01073 0.482249 401.33 478.52 428.10 492.96 474.94 406.12 448.17 391.68
01076 0.763300 513.44 525.61 547.49 507.52 486.86 393.44 452.81 411.53
01077 0.807023 117.79 68.68 139.59 52.70 102.86 2.63 81.07 18.62
01077 0.762603 312.69 468.32 343.70 441.68 235.86 316.19 204.86 342.83
01078 0.722076 180.61 459.03 212.91 434.50 113.84 304.01 81.54 328.54
01078 0.335320 110.52 172.60 131.74 154.90 89.16 103.86 67.94 121.56
01079 0.878887 151.13 366.37 181.59 357.79 139.54 208.51 109.07 217.09
01079 0.497275 259.30 315.81 285.10 306.86 263.29 243.96 237.48 252.91
01080 0.900043 345.19 280.30 375.44 282.88 387.09 146.76 356.84 144.17
01080 0.531001 449.58 472.89 480.13 473.91 482.71 397.18 452.16 396.15
01080 0.476728 548.78 20.02 563.56 21.39 565.46 0.96 550.67 -0.41
01080 0.425472 567.14 14.31 579.46 14.80 580.04 0.29 567.72 -0.20
01080 0.420519 563.59 41.87 577.75 43.24 581.02 9.50 566.86 8.13
01081 0.549933 587.85 277.06 618.03 293.03 673.07 189.03 642.89 173.06
01083 0.948255 441.57 89.85 462.63 102.61 494.65 49.77 473.58 37.01
01083 0.932583 412.32 91.06 433.57 97.38 449.60 43.49 428.35 37.17
01083 0.932508 410.03 253.69 430.99 266.82 466.75 209.72 445.79 196.59
01083 0.931171 524.68 323.57 547.80 330.63 568.11 264.13 545.00 257.07
01083 0.926636 490.91 307.77 513.21 315.29 535.14 250.28 512.84 242.76
01083 0.924858 443.79 420.62 467.86 427.92 490.38 353.68 466.31 346.38
01083 0.923923 275.34 408.76 289.63 380.28 222.60 346.65 208.31 375.12
01083 0.922376 399.74 146.98 423.14 137.46 400.25 81.18 376.85 90.70
01083 0.919256 256.14 447.15 270.16 416.08 198.04 383.55 184.02 414.62
01083 0.918250 488.91 107.54 509.07 115.16 530.62 58.15 510.46 50.53
01083 0.916936 438.44 272.07 458.88 282.48 489.52 222.33 469.07 211.92
01083 0.901740 320.87 510.12 342.31 524.77 368.64 486.22 347.20 471.57
01083 0.894248 410.52 407.29 435.71 415.17 458.14 343.47 432.95 335.59
01083 0.866528 573.54 128.76 595.41 132.97 606.26 76.58 584.39 72.37
01083 0.828642 383.62 83.02 404.56 89.15 419.99 36.49 399.05 30.36
01083 0.767320 526.50 117.29 547.77 123.42 565.20 62.90 543.93 56.78
01083 0.420422 272.94 134.87 279.39 112.99 229.99 98.42 223.54 120.30
01083 0.331379 485.48 520.82 491.11 506.59 468.30 497.57 462.67 511.80
01088 0.931415 495.96 74.97 508.20 53.66 460.24 26.11 448.01 47.42
01088 0.609624 637.30 123.78 650.96 98.71 625.10 84.62 611.44 109.69
01089 0.903309 297.66 174.96 305.36 150.85 249.44 133.00 241.74 157.11
01089 0.789580 553.21 197.97 554.75 167.82 498.66 164.95 497.12 195.10
01089 0.734125 487.08 182.65 488.15 155.10 447.14 153.51 446.07 181.06
01090 0.804633 337.27 338.82 328.95 309.79 256.87 330.45 265.19 359.48
01090 0.797323 46.02 349.43 44.76 323.35 0.39 325.51 1.65 351.59
01091 0.907171 252.02 411.73 235.02 385.30 168.10 428.34 185.10 454.76
01091 0.794479 204.89 344.87 189.27 318.09 131.23 351.94 146.86 378.73
01092 0.805083 375.97 114.64 391.66 92.80 343.47 58.16 327.77 80.00
01093 0.726372 509.98 330.03 526.91 301.79 464.83 264.56 447.90 292.79
01094 0.937514 342.04 475.97 362.54 449.61 300.32 401.23 279.82 427.59
01094 0.937447 538.16 494.96 559.82 509.57 603.52 444.78 581.86 430.18
01094 0.930103 566.99 343.50 586.55 360.15 631.60 307.22 612.05 290.57
01094 0.927847 507.28 473.54 528.39 487.01 568.03 424.87 546.92 411.40
01094 0.922074 581.14 152.72 600.96 165.50 632.98 115.82 613.16 103.05
01094 0.918478 541.47 321.27 561.04 339.33 608.81 287.59 589.24 269.52
01094 0.912223 370.18 442.34 390.58 417.98 331.48 368.52 311.08 392.89
01094 0.896679 555.34 207.92 582.99 203.59 573.61 143.66 545.96 147.99
01094 0.616665 613.66 164.66 634.88 176.39 654.91 140.15 633.69 128.42
01094 0.525067 80.37 79.64 101.34 98.02 132.46 62.52 111.49 44.14
01094 0.401173 554.99 135.08 573.81 146.37 601.89 99.58 583.07 88.29
01094 0.360218 612.93 394.16 634.81 408.51 661.63 367.62 639.76 353.27
01094 0.353901 431.16 164.32 441.82 147.18 400.05 121.22 389.40 138.35
01095 0.791823 634.30 465.56 651.24 438.22 586.90 398.34 569.96 425.68
01097 0.633823 380.59 83.96 371.73 68.41 340.73 86.07 349.59 101.63
01097 0.535827 38.55 72.85 62.17 56.27 20.43 -3.18 -3.19 13.41
01098 0.870075 577.39 44.77 568.24 29.17 535.18 48.56 544.33 64.16
01099 0.606623 118.53 30.33 133.67 25.82 125.47 -1.71 110.33 2.80
01100 0.879173 410.81 43.66 433.60 44.92 436.02 0.88 413.23 -0.37
01100 0.503795 363.85 86.92 379.50 86.87 379.39 50.85 363.74 50.90
01105 0.912822 451.22 483.87 476.82 465.17 430.55 401.82 404.95 420.53
01105 0.909460 416.89 511.27 443.17 491.20 392.86 425.31 366.58 445.38
01105 0.434315 573.72 216.66 588.02 201.90 552.32 167.32 538.02 182.08
01105 0.382273 358.31 1.83 342.34 -17.83 313.47 5.63 329.44 25.29
01112 0.828317 468.46 194.17 485.29 178.98 451.55 141.58 434.71 156.77
01112 0.569149 601.35 138.70 580.94 112.37 483.76 187.70 504.17 214.03
01118 0.886360 396.53 172.34 421.65 157.62 392.27 107.47 367.15 122.20
01119 0.890420 326.93 305.59 351.28 287.61 313.84 236.92 289.49 254.91
01120 0.916892 240.37 479.11 260.95 457.18 210.43 409.77 189.85 431.70
01123 0.882450 206.59 377.85 218.96 357.26 170.42 328.10 158.05 348.69
01124 0.853879 43.79 339.94 53.50 317.44 2.50 295.43 -7.21 317.92
01125 0.315969 471.18 166.68 471.18 136.71 375.93 136.71 375.93 166.68
01127 0.312573 289.26 65.01 296.37 60.44 285.63 43.72 278.51 48.29
01129 0.339936 71.96 90.95 77.69 85.28 66.65 74.13 60.93 79.79
01138 0.369593 154.82 66.57 154.74 56.50 131.67 56.67 131.74 66.75
01149 0.410283 215.86 384.12 228.81 389.59 241.24 360.16 228.28 354.69
01151 0.431495 273.35 376.91 277.60 364.48 247.08 354.06 242.84 366.49
01152 0.453045 381.73 448.80 388.48 436.46 357.58 419.55 350.83 431.89
01153 0.475077 467.39 508.09 475.76 496.62 447.71 476.14 439.34 487.60
01181 0.353349 152.90 235.19 148.35 225.97 129.71 235.16 134.26 244.38
01200 0.596707 113.90 296.02 123.71 288.30 108.92 269.52 99.12 277.23
01200 0.433692 131.20 284.21 130.20 271.88 112.62 273.31 113.62 285.64
01201 0.722182 104.20 309.78 114.63 302.01 101.33 284.12 90.89 291.89
01201 0.638811 122.95 275.62 122.18 266.35 101.00 268.09 101.77 277.37
01201 0.396633 43.89 292.98 44.39 282.43 17.98 281.18 17.48 291.73
01201 0.349291 112.73 300.91 123.04 300.34 122.18 284.71 111.87 285.27
01202 0.593220 110.01 314.10 109.61 303.38 87.49 304.19 87.88 314.91
01202 0.560649 86.91 350.78 98.82 343.82 86.88 323.38 74.97 330.34
01202 0.393555 97.98 342.71 109.05 341.88 107.75 324.66 96.69 325.49
01203 0.608206 62.15 402.50 74.68 395.60 61.60 371.84 49.07 378.74
01204 0.711177 163.64 420.06 176.90 419.55 176.17 400.56 162.91 401.07
01204 0.410417 148.31 428.67 163.87 424.53 155.87 394.44 140.31 398.58
01205 0.828147 180.46 476.73 195.27 473.47 187.92 440.05 173.10 443.31
01205 0.431447 197.51 467.10 209.59 467.20 209.76 447.39 197.68 447.29
01250 0.337542 207.25 328.01 217.94 332.84 225.79 315.49 215.10 310.65
01251 0.664770 196.57 371.40 205.50 377.22 216.50 360.33 207.57 354.51
01251 0.649530 366.39 386.71 374.25 392.96 388.46 375.08 380.61 368.83
01252 0.839111 184.29 426.39 194.77 432.19 206.27 411.45 195.79 405.65
01252 0.337202 367.29 448.29 378.19 455.04 393.17 430.85 382.27 424.11
01253 0.837743 168.70 493.79 180.55 500.27 194.39 475.00 182.54 468.52
01284 0.930498 432.06 233.31 429.91 220.95 397.01 226.68 399.16 239.04
01284 0.897633 431.35 249.00 428.80 236.96 395.26 244.05 397.81 256.09
01284 0.867092 430.50 268.66 428.78 256.08 395.29 260.65 397.01 273.24
01284 0.822224 277.26 253.34 272.79 240.03 237.90 251.75 242.37 265.06
01284 0.798064 281.99 236.39 277.18 221.98 244.16 232.99 248.97 247.40
01284 0.649409 379.66 373.44 393.64 367.76 380.46 335.35 366.49 341.03
01284 0.408671 273.74 270.61 269.90 256.91 243.74 264.25 247.59 277.95
01285 0.905226 425.82 235.02 423.84 222.06 391.23 227.04 393.20 240.00
01285 0.884106 426.44 252.34 423.92 238.82 390.06 245.13 392.58 258.64
01285 0.824854 425.85 270.66 424.34 257.46 389.78 261.41 391.29 274.62
01285 0.784868 271.70 254.46 267.35 241.25 232.94 252.59 237.28 265.79
01285 0.738117 277.07 237.72 272.41 222.63 238.05 233.23 242.70 248.32
01285 0.617248 376.31 373.74 389.66 368.00 375.98 336.23 362.63 341.98
01285 0.395092 351.38 377.05 366.30 371.37 353.00 336.39 338.08 342.07
01285 0.373917 269.83 273.03 265.46 258.81 238.04 267.23 242.41 281.46
01286 0.892068 268.21 260.09 261.96 247.80 230.62 263.74 236.87 276.03
01286 0.891977 420.43 238.32 416.34 226.11 382.83 237.32 386.92 249.54
01286 0.889533 417.07 222.98 413.61 210.79 382.47 219.63 385.92 231.81
01286 0.835544 425.00 256.47 421.54 244.23 386.49 254.15 389.95 266.39
01286 0.743807 270.98 241.69 263.96 228.15 232.44 244.48 239.46 258.02
01286 0.508648 271.39 279.65 263.70 266.07 237.77 280.77 245.47 294.34
01286 0.338265 411.25 277.40 409.04 266.63 386.06 271.37 388.28 282.13
01287 0.848473 278.92 263.42 269.32 251.95 241.93 274.89 251.53 286.36
01287 0.742426 277.47 243.65 267.38 232.06 240.51 255.44 250.60 267.03
01287 0.448334 427.89 228.67 421.13 216.40 389.22 233.97 395.98 246.24
01287 0.428775 411.23 197.88 405.18 187.28 377.30 203.19 383.35 213.78
01287 0.373729 287.34 278.71 276.47 266.63 251.86 288.76 262.73 300.85
01287 0.358010 419.87 213.05 412.74 201.10 383.98 218.25 391.11 230.20
01288 0.834476 415.14 308.70 421.29 296.92 391.12 281.17 384.97 292.96
01288 0.732455 212.50 273.76 224.95 282.10 244.84 252.40 232.40 244.06
01288 0.547583 400.19 325.98 408.86 312.30 376.27 291.67 367.60 305.35
01288 0.429358 219.98 294.50 232.05 302.43 251.27 273.17 239.20 265.24
01288 0.336205 426.26 298.21 431.33 288.35 406.31 275.50 401.24 285.37
01289 0.690130 404.48 297.36 407.49 284.91 374.05 276.82 371.04 289.27
01289 0.548261 391.68 316.66 396.64 302.14 362.63 290.55 357.68 305.07
01289 0.463193 210.41 323.32 224.18 327.72 234.75 294.63 220.98 290.23
01289 0.415334 318.23 221.83 328.79 228.39 345.76 201.06 335.19 194.50
01290 0.854770 406.27 302.29 408.44 286.97 371.87 281.79 369.70 297.10
01290 0.617513 414.62 282.05 415.20 268.59 379.75 267.06 379.17 280.52
01290 0.548480 246.21 347.25 261.95 349.58 266.83 316.51 251.10 314.18
01290 0.524949 229.63 340.36 243.91 341.99 248.13 304.83 233.85 303.20
01290 0.385372 312.25 224.08 324.11 228.84 336.40 198.20 324.53 193.44
01291 0.742861 423.92 282.30 423.02 266.97 389.38 268.94 390.28 284.27
01291 0.700529 280.36 354.35 295.14 353.93 294.14 319.43 279.36 319.86
01291 0.560803 425.70 262.92 425.05 249.46 392.26 251.06 392.92 264.52
01291 0.518815 261.51 350.97 277.40 349.44 273.72 311.24 257.83 312.77
01291 0.480460 317.16 220.28 328.64 221.73 332.69 189.75 321.21 188.29
01291 0.380269 240.62 337.48 255.33 336.34 252.50 299.88 237.79 301.02
01291 0.349724 280.46 208.20 292.88 209.48 296.19 177.24 283.78 175.96
01292 0.660943 430.09 241.18 426.92 229.54 395.90 238.00 399.08 249.64
01292 0.614719 432.00 262.00 428.59 247.02 395.38 254.58 398.79 269.56
01293 0.694616 433.69 246.99 427.49 233.81 397.93 247.72 404.13 260.90
01293 0.338904 427.30 228.58 421.60 216.38 393.08 229.71 398.78 241.92
01294 0.566169 446.57 235.50 438.79 223.17 411.59 240.34 419.36 252.67
01294 0.441181 280.17 230.22 293.25 225.61 281.76 193.05 268.68 197.66
01294 0.432247 320.36 227.41 332.63 223.11 321.74 192.04 309.47 196.34
01294 0.319525 299.75 227.25 311.99 221.85 299.01 192.40 286.77 197.79
01295 0.392857 324.60 224.63 336.00 218.33 320.43 190.18 309.03 196.48
01295 0.355481 305.13 228.02 316.39 221.39 299.82 193.24 288.55 199.87
01296 0.408084 425.04 210.90 435.34 220.09 455.75 197.19 445.45 188.00
01296 0.310782 412.64 340.94 421.02 327.94 386.50 305.69 378.12 318.68
01297 0.741144 410.69 330.60 417.62 314.26 381.22 298.83 374.29 315.17
01297 0.567788 297.70 231.18 307.14 219.33 280.38 198.00 270.94 209.84
01297 0.427996 417.46 193.35 429.15 199.78 443.18 174.27 431.49 167.84
01297 0.410402 430.72 318.92 436.49 305.10 402.00 290.69 396.23 304.51
01298 0.855398 441.37 311.93 444.47 298.12 410.03 290.37 406.92 304.19
01298 0.816052 421.82 327.96 426.46 311.64 389.96 301.26 385.32 317.57
01298 0.511624 322.57 221.60 328.90 209.64 297.98 193.25 291.65 205.21
01298 0.511411 461.83 250.61 465.96 235.92 431.09 226.13 426.97 240.81
01298 0.471680 464.54 235.41 468.76 222.00 435.86 211.64 431.64 225.05
01298 0.435608 401.08 190.35 414.48 195.07 424.40 166.93 411.01 162.21
01298 0.308745 385.78 181.02 397.70 184.66 405.36 159.58 393.44 155.94
01299 0.845019 442.89 297.58 443.00 283.34 406.09 283.04 405.98 297.27
01299 0.804431 428.95 315.72 429.29 299.72 391.71 298.91 391.37 314.91
01299 0.707937 292.66 244.96 295.36 232.71 261.23 225.18 258.53 237.43
01299 0.516484 304.42 230.57 307.56 218.23 273.63 209.58 270.49 221.92
01299 0.469624 281.11 262.16 285.47 248.91 252.74 238.12 248.37 251.37
01299 0.383474 443.96 219.10 445.55 205.39 413.14 201.63 411.55 215.33
01299 0.358835 444.05 235.96 445.45 219.46 411.63 216.58 410.23 233.08
01300 0.872778 441.43 290.44 438.99 275.64 403.02 281.58 405.46 296.38
01300 0.831009 432.83 310.27 430.24 294.56 394.33 300.47 396.92 316.18
01300 0.661201 326.30 189.38 339.55 188.53 337.53 156.96 324.28 157.81
01300 0.654266 274.58 285.78 276.00 270.20 240.94 266.99 239.51 282.57
01300 0.604809 289.16 250.03 290.02 236.21 257.11 234.15 256.25 247.97
01300 0.518819 281.28 267.40 282.14 253.50 247.87 251.39 247.02 265.29
01300 0.453668 345.91 190.56 360.24 189.92 358.85 158.29 344.52 158.93
01300 0.375411 423.01 211.24 422.12 197.81 390.54 199.90 391.43 213.33
01301 0.646169 434.27 295.71 428.41 280.95 394.27 294.52 400.13 309.27
01301 0.636696 437.59 275.47 432.25 262.08 399.10 275.30 404.44 288.69
01301 0.573945 399.66 202.21 396.61 189.27 364.21 196.92 367.26 209.86
01302 0.781131 424.58 258.01 416.54 247.50 387.88 269.41 395.92 279.92
01302 0.619391 291.89 206.67 303.42 199.27 286.51 172.88 274.97 180.27
01302 0.536511 272.71 321.04 268.14 308.64 235.99 320.49 240.56 332.89
01302 0.498934 427.50 279.74 418.77 267.55 389.38 288.61 398.11 300.80
01302 0.458220 270.45 301.21 265.15 288.71 234.36 301.77 239.66 314.26
01302 0.406144 272.86 211.67 283.83 204.60 267.45 179.14 256.48 186.20
01303 0.843241 381.54 280.51 392.81 290.23 418.58 260.33 407.31 250.61
01303 0.710881 377.09 261.48 387.09 269.52 408.22 243.24 398.22 235.20
01303 0.604141 266.13 216.54 276.35 206.82 255.58 184.98 245.36 194.70
01304 0.574137 363.12 256.79 374.85 262.05 389.13 230.15 377.39 224.90
01304 0.542760 246.09 229.25 253.41 216.37 225.00 200.22 217.68 213.10
01304 0.536075 372.40 272.36 385.78 279.41 403.08 246.58 389.70 239.53
01304 0.402079 239.10 340.10 249.37 349.21 270.05 325.88 259.79 316.78
01304 0.377610 260.96 308.66 251.38 298.72 226.58 322.63 236.16 332.57
01305 0.784523 230.13 245.85 235.93 231.74 204.32 218.75 198.52 232.86
01305 0.556009 250.87 358.58 261.53 365.04 278.66 336.74 267.99 330.29
01305 0.525918 352.53 252.69 366.16 256.03 374.66 221.35 361.02 218.01
01305 0.465872 233.58 342.57 245.07 350.49 264.32 322.55 252.84 314.63
01305 0.367391 366.11 267.75 379.59 271.68 388.93 239.67 375.45 235.74
01306 0.762641 245.64 363.09 258.55 368.61 272.35 336.33 259.45 330.81
01306 0.730029 343.45 253.38 356.16 254.48 359.21 219.24 346.50 218.14
01306 0.615181 266.44 375.34 278.81 379.64 289.69 348.37 277.32 344.07
01306 0.583429 325.10 241.83 337.99 244.12 343.58 212.71 330.69 210.42
01306 0.549791 280.54 388.62 295.40 394.53 308.90 360.60 294.04 354.69
01306 0.531549 360.11 265.19 373.95 266.05 376.04 232.55 362.19 231.69
01306 0.353536 221.88 261.75 224.25 247.75 190.71 242.08 188.34 256.08
01307 0.891665 218.79 284.78 219.11 268.40 183.70 267.70 183.37 284.08
01307 0.832358 265.08 380.33 279.23 382.93 285.53 348.57 271.37 345.98
01307 0.753418 354.23 264.90 368.89 264.24 367.30 229.27 352.64 229.94
01307 0.547979 336.35 253.87 349.87 252.98 347.65 219.20 334.13 220.09
01307 0.351944 381.04 242.04 391.96 242.85 393.95 216.15 383.04 215.34
01308 0.868485 295.84 392.04 311.00 392.23 311.44 358.04 296.29 357.84
01308 0.824247 358.53 262.66 373.88 259.44 365.82 221.00 350.47 224.22
01308 0.731562 230.50 306.28 229.04 289.80 192.47 293.06 193.94 309.54
01308 0.689046 339.06 256.94 353.02 253.82 344.79 216.95 330.83 220.07
01308 0.414563 316.62 249.89 330.73 248.53 327.49 214.94 313.38 216.30
01308 0.391571 321.29 399.03 335.41 398.03 332.93 362.77 318.81 363.76
01309 0.822916 326.80 409.88 341.17 407.50 335.27 371.88 320.90 374.26
01309 0.715286 241.30 334.14 236.55 319.87 200.76 331.80 205.52 346.07
01309 0.687614 358.27 267.80 371.75 261.08 356.18 229.86 342.70 236.58
01309 0.629564 336.35 265.31 349.69 259.17 334.13 225.39 320.79 231.53
01309 0.512929 240.89 356.66 236.57 343.00 204.40 353.17 208.72 366.83
01310 0.892388 320.65 345.94 333.11 335.62 308.59 306.01 296.13 316.33
01310 0.886812 297.95 347.70 309.94 338.10 284.93 306.85 272.94 316.45
01310 0.848505 325.85 506.68 339.67 500.76 324.82 466.10 311.00 472.02
01310 0.703063 227.15 393.24 240.29 384.40 217.65 350.74 204.51 359.57
01310 0.622559 274.79 352.56 287.94 344.67 269.75 314.35 256.59 322.24
01310 0.605055 217.40 446.94 209.24 434.04 176.30 454.89 184.47 467.78
01310 0.545336 223.57 470.16 215.82 458.31 186.28 477.61 194.03 489.46
01313 0.437580 307.90 24.15 322.00 23.91 321.59 0.38 307.50 0.62
01314 0.855008 322.30 90.26 339.42 89.67 338.08 50.63 320.96 51.21
01315 0.860289 347.83 124.57 365.87 125.10 367.06 83.99 349.02 83.47
01316 0.796130 386.64 158.05 405.49 162.17 414.96 118.91 396.11 114.79
01317 0.787485 416.15 204.43 434.38 212.59 453.27 170.41 435.04 162.24
01318 0.529791 439.74 258.52 455.63 272.95 489.35 235.81 473.46 221.38
01319 0.494421 510.94 294.97 499.22 277.01 453.70 306.71 465.42 324.67
01321 0.871108 513.05 361.06 506.05 338.47 450.65 355.64 457.66 378.24
01322 0.843813 491.33 385.38 487.76 362.20 429.62 371.15 433.19 394.33
01323 0.913826 449.54 404.40 448.71 382.06 388.38 384.30 389.21 406.65
01324 0.895474 408.42 418.16 409.89 395.04 348.90 391.16 347.43 414.28
01417 0.609991 570.82 171.66 579.59 170.39 576.49 148.98 567.72 150.25
01418 0.875568 459.32 166.86 467.77 163.40 459.26 142.62 450.81 146.08
01419 0.690629 343.33 198.35 350.23 193.13 336.81 175.40 329.91 180.62
01419 0.348787 630.38 184.34 639.88 180.46 630.15 156.64 620.65 160.52
01420 0.375894 243.58 261.20 249.66 254.19 232.12 238.95 226.03 245.96
01422 0.549918 154.00 362.63 159.16 354.37 139.54 342.12 134.39 350.38
01423 0.679459 129.42 411.32 134.30 403.19 114.92 391.56 110.04 399.69
01424 0.537920 126.59 479.70 131.04 471.87 111.78 460.92 107.33 468.74
01453 0.602095 40.18 59.81 49.98 67.04 72.41 36.63 62.61 29.40
01454 0.519586 32.06 208.50 43.25 213.21 57.59 179.15 46.39 174.44
01454 0.459424 17.94 201.79 29.16 207.04 47.10 168.75 35.89 163.49
01455 0.830431 26.80 349.75 38.32 352.33 47.36 311.85 35.85 309.28
01455 0.777535 41.52 354.06 52.81 356.16 59.46 320.45 48.17 318.35
01456 0.772521 64.78 492.60 77.00 492.87 77.96 449.31 65.74 449.04
01456 0.647218 80.07 493.84 92.46 493.97 92.88 453.43 80.49 453.30
