00004 0.898981 214.06 368.40 227.01 368.83 228.02 338.64 215.08 338.20
00007 0.896404 228.73 312.12 242.67 312.38 243.27 280.24 229.33 279.98
00010 0.770360 266.90 254.70 278.22 254.90 278.72 226.89 267.40 226.68
00038 0.894523 281.73 213.75 293.79 213.04 292.02 182.77 279.95 183.47
00044 0.864394 315.92 403.42 326.78 403.96 327.96 380.44 317.10 379.90
00045 0.843614 326.32 197.65 335.91 198.12 336.87 178.67 327.28 178.20
00051 0.871656 267.63 364.10 280.64 364.68 282.03 333.78 269.01 333.20
00054 0.797708 374.04 66.31 382.85 66.40 383.04 48.81 374.22 48.72
00056 0.588722 228.11 481.45 238.97 482.06 240.28 458.97 229.42 458.35
00065 0.883830 407.39 131.74 421.77 137.62 437.62 98.88 423.25 93.00
00066 0.826047 257.73 375.82 272.12 381.50 286.38 345.39 272.00 339.71
00083 0.793718 321.59 235.54 338.62 243.43 356.03 205.82 339.01 197.94
00157 0.322522 274.11 77.95 282.97 82.49 293.26 62.43 284.40 57.88
00189 0.423581 212.51 13.76 224.60 13.80 224.65 -0.22 212.56 -0.26
00189 0.399132 92.17 179.82 105.62 180.52 106.87 156.70 93.41 155.99
00193 0.438911 307.58 152.85 319.81 152.35 318.80 127.72 306.58 128.22
00193 0.387713 289.93 248.03 302.62 251.49 309.16 227.52 296.46 224.06
00195 0.857155 181.92 190.35 171.92 179.64 151.51 198.69 161.51 209.40
00222 0.395005 577.51 165.83 577.00 152.01 549.19 153.03 549.70 166.86
00223 0.730721 262.09 173.50 261.46 159.45 233.64 160.70 234.27 174.76
00230 0.391520 109.44 219.13 110.77 202.70 77.57 200.03 76.25 216.45
00234 0.819017 112.80 291.62 105.97 277.76 77.90 291.58 84.73 305.45
00234 0.777527 331.23 219.46 325.45 205.92 301.75 216.04 307.53 229.58
00235 0.743286 476.10 206.52 479.85 189.47 446.32 182.10 442.58 199.16
00243 0.870239 377.26 118.13 386.56 123.25 396.58 105.04 387.28 99.93
00244 0.874042 397.04 88.69 406.97 93.64 416.04 75.45 406.11 70.50
00244 0.747347 294.53 238.60 304.93 244.47 317.02 223.03 306.62 217.16
00244 0.408555 418.45 111.03 427.20 115.95 435.24 101.63 426.49 96.72
00245 0.871762 303.02 228.37 315.16 234.31 326.39 211.36 314.25 205.42
00245 0.580840 188.46 390.84 200.45 398.50 217.12 372.46 205.13 364.79
00245 0.346045 482.83 5.07 491.56 9.03 495.82 -0.37 487.10 -4.33
00248 0.873889 441.54 373.37 454.20 364.93 438.53 341.42 425.87 349.85
00250 0.844505 569.49 384.17 580.26 376.52 565.61 355.91 554.84 363.56
00256 0.702783 277.10 110.89 290.14 118.11 306.35 88.82 293.31 81.60
00301 0.776653 301.09 163.24 314.47 163.42 314.92 130.10 301.55 129.92
00301 0.398797 53.23 196.10 67.03 196.22 67.23 173.08 53.42 172.96
00310 0.892438 402.92 251.91 414.13 235.89 380.62 212.45 369.42 228.47
00311 0.878761 588.03 219.35 599.71 204.73 568.68 179.94 557.00 194.56
00318 0.431051 231.71 462.88 240.76 447.21 206.03 427.17 196.99 442.85
00319 0.437756 147.86 506.87 156.57 490.39 122.92 472.62 114.21 489.10
00322 0.443365 259.60 303.09 275.84 317.58 305.64 284.16 289.40 269.67
00324 0.382437 226.39 368.87 243.32 376.67 260.96 338.37 244.03 330.57
00331 0.331335 97.85 384.61 119.08 384.89 119.78 333.62 98.55 333.34
00348 0.394531 232.62 187.83 251.14 178.96 231.92 138.85 213.40 147.73
00350 0.385735 437.39 164.73 456.76 162.88 452.74 120.75 433.36 122.60
00351 0.458610 427.99 305.20 448.36 304.00 445.40 253.83 425.03 255.03
00353 0.637082 178.71 377.29 189.76 379.49 194.70 354.74 183.65 352.54
00353 0.521625 211.89 418.10 217.17 388.50 202.47 385.88 197.18 415.47
00354 0.541394 365.89 374.51 366.17 364.15 346.05 363.61 345.77 373.96
00358 0.891051 120.56 302.51 122.89 288.87 89.48 283.16 87.15 296.80
00362 0.440861 521.11 488.97 530.68 472.87 496.17 452.37 486.60 468.47
00363 0.538055 406.47 274.78 422.16 278.76 430.42 246.12 414.73 242.15
00365 0.478585 130.61 416.66 145.48 421.08 156.65 383.54 141.78 379.12
00369 0.883645 370.50 329.09 374.38 315.10 342.52 306.27 338.64 320.26
00378 0.630813 145.46 384.69 138.06 367.77 100.46 384.20 107.85 401.12
00379 0.528544 406.41 267.19 401.81 250.98 369.75 260.08 374.35 276.29
00384 0.422168 426.78 128.07 424.07 117.44 400.09 123.54 402.79 134.17
00387 0.330572 374.41 387.09 389.51 387.05 389.41 348.42 374.32 348.46
00397 0.899540 347.36 220.05 362.36 222.63 368.30 188.08 353.31 185.50
00397 0.876289 337.95 277.39 352.30 278.48 354.74 246.17 340.39 245.08
00397 0.796978 474.36 96.20 486.38 97.17 488.28 73.64 476.26 72.67
00398 0.841840 59.10 38.24 69.12 29.40 55.46 13.90 45.43 22.74
00398 0.446747 272.42 239.14 284.36 232.77 272.75 211.02 260.81 217.39
00398 0.414179 322.83 234.73 336.72 226.35 320.79 199.93 306.90 208.30
00399 0.902426 213.76 338.91 229.21 342.38 236.52 309.89 221.07 306.41
00399 0.822707 373.77 204.91 386.21 207.57 391.47 182.97 379.02 180.32
00399 0.749642 386.37 157.96 397.41 160.07 401.11 140.72 390.07 138.61
00400 0.922810 186.70 397.13 203.06 400.40 210.58 362.79 194.22 359.52
00400 0.886852 271.78 151.65 286.80 148.03 279.44 117.47 264.42 121.09
00400 0.846010 366.12 197.01 377.21 198.70 380.78 175.17 369.68 173.48
00400 0.798804 351.92 245.15 365.05 248.21 371.25 221.59 358.12 218.53
00401 0.937252 175.46 472.30 192.13 475.70 200.47 434.81 183.80 431.41
00401 0.915478 267.55 195.51 282.63 191.55 274.67 161.23 259.59 165.19
00401 0.891255 350.90 303.63 365.51 306.51 371.89 274.08 357.29 271.20
00402 0.901778 350.06 379.46 366.45 382.32 373.09 344.26 356.70 341.40
00402 0.867617 261.07 255.10 276.71 251.44 268.93 218.19 253.28 221.85
00402 0.523866 366.61 313.47 380.71 314.74 383.29 286.06 369.19 284.79
00403 0.915188 251.95 330.10 269.72 326.51 262.06 288.65 244.29 292.24
00403 0.908922 349.29 473.76 367.70 476.80 374.52 435.45 356.11 432.42
00403 0.577658 366.65 396.71 382.57 397.22 383.57 366.06 367.65 365.55
00404 0.833572 366.52 500.96 384.35 501.89 386.19 466.45 368.36 465.52
00404 0.404087 299.72 300.96 321.56 300.94 321.49 240.55 299.66 240.57
00409 0.310325 246.93 512.38 242.48 495.66 217.43 502.33 221.87 519.05
00416 0.377616 424.00 121.55 435.54 115.42 425.80 97.06 414.26 103.18
00420 0.350850 225.49 256.30 237.80 245.68 217.50 222.14 205.19 232.75
00434 0.831499 93.66 431.78 80.65 412.81 38.93 441.39 51.94 460.37
00435 0.398649 168.90 484.85 154.42 466.14 113.63 497.71 128.11 516.42
00442 0.790650 306.12 307.32 319.10 298.66 301.78 272.70 288.80 281.35
00442 0.535594 371.41 519.58 383.70 511.50 372.95 495.14 360.66 503.22
00452 0.559301 374.45 368.77 388.82 362.05 376.41 335.51 362.04 342.23
00457 0.391968 132.60 57.90 139.76 48.15 121.61 34.82 114.45 44.57
00459 0.818078 114.15 421.05 109.20 400.16 67.79 409.97 72.74 430.86
00459 0.740777 420.06 439.23 434.38 430.72 417.79 402.80 403.47 411.32
00459 0.674771 3.55 269.65 17.83 265.73 8.85 232.99 -5.43 236.91
00459 0.482487 325.54 29.24 322.43 18.80 296.86 26.42 299.98 36.86
00460 0.869030 48.76 300.38 64.75 297.06 57.27 261.06 41.28 264.38
00460 0.501465 378.78 413.58 374.32 392.41 332.94 401.14 337.40 422.31
00460 0.381547 475.37 495.57 490.31 488.55 477.41 461.10 462.47 468.12
00461 0.886464 88.73 338.40 105.92 334.85 97.90 296.00 80.70 299.55
00461 0.674680 633.29 420.02 628.98 399.31 587.97 407.87 592.28 428.57
00462 0.898512 101.63 367.36 118.98 363.10 107.63 316.88 90.28 321.14
00462 0.352552 82.20 9.13 80.76 -1.59 64.08 0.64 65.52 11.37
00463 0.906610 275.42 363.42 292.57 365.47 297.55 323.78 280.39 321.73
00463 0.882802 270.23 438.84 286.81 439.15 287.51 401.11 270.93 400.81
00463 0.869621 406.51 196.96 419.73 196.63 419.05 169.68 405.83 170.02
00464 0.888388 106.73 372.90 124.42 368.79 114.09 324.34 96.41 328.44
00464 0.818454 409.09 511.12 406.16 492.51 355.29 500.52 358.22 519.13
00465 0.899244 564.72 472.37 559.52 450.73 515.13 461.40 520.34 483.04
00465 0.894054 106.23 366.97 123.22 363.05 114.20 324.01 97.21 327.94
00466 0.890830 106.26 365.63 123.01 361.54 113.54 322.68 96.79 326.77
00467 0.891157 105.46 365.99 122.29 362.18 113.40 322.94 96.57 326.75
00467 0.503051 111.33 162.92 124.86 158.59 116.80 133.42 103.27 137.75
00468 0.856817 118.40 377.78 137.10 373.53 124.79 319.44 106.09 323.70
00469 0.873204 181.64 372.27 199.50 369.67 191.80 316.97 173.95 319.58
00470 0.892612 189.47 391.07 206.98 388.79 200.67 340.31 183.16 342.59
00471 0.888442 196.84 495.63 216.48 493.32 210.55 442.84 190.90 445.15
00471 0.652884 151.39 412.76 150.47 397.12 115.58 399.19 116.50 414.82
00472 0.895358 165.03 479.15 164.10 461.92 124.50 464.06 125.43 481.28
00472 0.509386 178.89 91.97 191.66 90.61 189.02 65.79 176.25 67.15
00472 0.352065 520.17 312.99 535.27 309.19 526.62 274.86 511.52 278.66
00473 0.786218 200.99 167.20 214.41 166.48 212.91 138.24 199.49 138.95
00474 0.937898 395.41 310.65 410.22 309.96 408.76 278.69 393.95 279.38
00474 0.476480 255.83 511.06 273.62 512.82 277.10 477.54 259.32 475.79
00475 0.836640 213.09 245.54 227.89 244.17 225.04 213.37 210.23 214.74
00476 0.881948 223.68 296.37 238.80 295.17 236.16 261.97 221.04 263.17
00477 0.854119 223.23 425.24 240.01 423.70 236.58 386.15 219.80 387.68
00478 0.881666 220.88 513.32 239.77 511.61 236.15 471.73 217.26 473.44
00479 0.830431 414.83 41.03 426.57 39.34 423.06 14.82 411.32 16.50
00480 0.769592 430.33 65.72 442.79 63.24 437.66 37.45 425.20 39.93
00480 0.549347 598.16 58.30 597.86 44.60 572.29 45.16 572.59 58.86
00480 0.341545 616.71 94.64 616.21 81.82 587.63 82.95 588.14 95.77
00481 0.832922 445.69 91.25 458.27 88.82 453.24 62.67 440.66 65.09
00481 0.559708 635.66 120.88 634.95 108.44 607.64 110.01 608.36 122.45
00482 0.854041 467.77 130.02 480.96 126.86 474.14 98.37 460.95 101.52
00482 0.837466 641.96 121.02 639.51 104.94 617.09 108.37 619.55 124.44
00482 0.509832 79.35 35.31 77.57 19.06 48.68 22.21 50.45 38.46
00482 0.314663 619.08 86.97 616.46 75.45 590.60 81.34 593.22 92.86
00483 0.782326 494.45 179.03 508.66 176.01 502.25 145.87 488.05 148.89
00483 0.751602 86.40 75.26 85.25 59.77 55.11 62.02 56.26 77.51
00483 0.354248 643.89 133.67 639.54 120.65 620.84 126.89 625.19 139.92
00484 0.825926 521.47 227.02 535.81 222.77 525.93 189.52 511.60 193.78
00485 0.922290 401.93 385.28 418.54 384.03 415.81 347.73 399.20 348.97
00486 0.806510 93.13 199.94 90.18 182.57 54.53 188.63 57.48 205.99
00487 0.899290 181.19 45.21 195.30 45.97 196.98 14.84 182.87 14.08
00487 0.840953 68.24 334.13 66.20 314.56 29.26 318.41 31.29 337.97
00488 0.871029 176.36 97.20 191.41 97.68 192.45 65.45 177.40 64.97
00488 0.780777 62.90 428.34 60.21 405.47 12.01 411.13 14.70 434.01
00489 0.862558 172.53 136.00 187.96 136.50 189.13 100.80 173.69 100.30
00489 0.375278 284.79 305.03 300.15 302.38 295.15 273.42 279.80 276.07
00490 0.841144 188.56 148.51 204.31 149.39 206.29 114.07 190.54 113.19
00490 0.692544 188.43 189.73 200.85 189.58 200.51 161.65 188.08 161.81
00490 0.386716 301.04 325.23 317.26 322.49 312.02 291.44 295.79 294.18
00490 0.322370 413.87 112.73 412.28 100.77 388.96 103.88 390.56 115.83
00491 0.883974 201.66 184.37 218.53 185.50 221.01 148.21 204.15 147.09
00491 0.705665 33.69 377.56 46.43 377.35 46.05 353.33 33.31 353.54
00491 0.609871 317.59 377.26 333.72 374.77 328.77 342.72 312.64 345.20
00491 0.421332 310.03 123.28 309.00 99.45 296.14 100.01 297.18 123.84
00492 0.899056 200.02 286.58 218.27 287.84 221.19 245.32 202.95 244.06
00492 0.850968 232.53 41.83 245.69 44.71 251.95 16.01 238.79 13.14
00492 0.779190 199.34 339.37 213.25 339.52 213.60 306.03 199.69 305.88
00492 0.517669 113.49 173.37 125.12 175.56 128.80 156.10 117.16 153.90
00492 0.447069 304.59 213.36 318.80 212.88 317.89 185.68 303.68 186.16
00492 0.444259 328.87 514.04 346.09 511.08 341.15 482.34 323.93 485.31
00493 0.895497 199.76 364.71 218.67 365.96 221.67 320.36 202.75 319.12
00493 0.863260 234.69 88.46 247.92 91.07 253.77 61.35 240.55 58.75
00493 0.854606 198.59 425.88 213.27 425.90 213.31 388.90 198.63 388.89
00493 0.663196 106.99 236.31 120.62 239.39 125.96 215.68 112.33 212.61
00493 0.645410 312.38 281.68 326.53 280.55 324.16 251.09 310.02 252.22
00493 0.499552 534.59 47.89 539.33 35.55 513.73 25.70 508.99 38.05
00494 0.920464 195.83 506.16 216.63 507.34 219.70 453.30 198.90 452.12
00494 0.839482 94.66 347.24 108.64 349.42 112.83 322.66 98.85 320.47
00494 0.739485 232.83 171.35 247.57 174.29 254.27 140.69 239.53 137.75
00494 0.642992 318.03 399.88 334.66 399.28 333.44 364.79 316.81 365.38
00494 0.328735 561.56 123.06 565.91 108.50 532.40 98.48 528.05 113.05
00495 0.863964 232.17 190.83 247.01 193.58 253.53 158.41 238.69 155.66
00495 0.833287 89.54 373.49 104.24 376.59 110.25 348.02 95.55 344.92
00495 0.831186 562.54 140.84 567.91 126.99 539.10 115.81 533.73 129.67
00495 0.684010 318.82 430.63 336.11 429.73 334.28 394.46 316.99 395.36
00495 0.683063 196.45 510.80 216.23 511.30 216.85 487.12 197.08 486.61
00495 0.463784 82.81 412.27 98.62 414.29 102.69 382.45 86.89 380.42
00496 0.936939 409.94 474.40 426.62 473.63 424.75 433.15 408.07 433.92
00497 0.910792 228.34 228.17 244.26 231.21 251.26 194.49 235.35 191.46
00497 0.819909 571.10 174.16 576.58 159.95 547.32 148.67 541.84 162.87
00497 0.819587 79.27 427.70 94.96 430.40 100.38 398.96 84.69 396.25
00497 0.515932 317.72 489.49 336.38 488.58 334.54 450.65 315.88 451.55
00497 0.390558 586.76 93.03 582.54 79.85 553.77 89.05 557.99 102.23
00497 0.353431 575.83 82.46 572.42 69.55 542.59 77.45 546.00 90.35
00498 0.914116 224.85 278.77 241.72 282.35 250.07 243.08 233.20 239.50
00498 0.851229 585.59 219.01 590.56 204.08 559.02 193.57 554.05 208.50
00498 0.834131 67.41 500.20 84.15 503.34 90.50 469.46 73.76 466.32
00499 0.923839 225.23 349.19 243.68 352.48 251.34 309.51 232.89 306.22
00499 0.867499 608.34 282.74 614.36 265.91 579.10 253.31 573.08 270.15
00499 0.729822 318.10 26.68 332.72 31.46 341.96 3.19 327.33 -1.59
00500 0.898072 635.85 361.25 643.54 343.21 608.45 328.26 600.76 346.30
00500 0.893425 230.22 441.65 249.60 444.90 257.73 396.37 238.35 393.12
00500 0.817152 642.79 249.44 637.03 235.01 609.51 246.01 615.28 260.44
00500 0.812852 321.66 73.87 336.39 79.01 347.03 48.50 332.31 43.36
00501 0.916789 625.64 378.06 632.78 359.97 597.21 345.91 590.06 364.00
00501 0.894702 217.72 471.33 237.16 473.92 243.66 425.28 224.21 422.68
00501 0.829065 299.69 88.38 315.05 92.29 323.06 60.83 307.70 56.91
00502 0.923591 632.45 410.04 639.47 391.27 602.49 377.43 595.47 396.19
00502 0.890077 214.10 511.34 233.57 513.40 238.76 464.41 219.29 462.35
00502 0.815526 293.24 106.28 309.07 110.47 317.61 78.20 301.78 74.01
00503 0.747331 647.59 384.60 638.20 368.93 616.72 381.80 626.11 397.47
00503 0.715008 282.47 174.36 299.79 178.16 307.73 142.00 290.41 138.20
00504 0.835000 298.30 199.33 315.22 203.03 323.35 165.85 306.43 162.15
00504 0.375088 648.92 366.61 637.99 352.15 619.64 366.03 630.57 380.48
00505 0.871337 302.78 199.78 319.70 203.55 328.09 165.81 311.18 162.05
00506 0.901858 302.18 199.57 318.92 203.35 327.30 166.23 310.56 162.45
00507 0.557272 418.98 26.24 429.82 20.51 419.52 1.02 408.68 6.76
00508 0.795052 310.37 90.71 325.72 93.65 331.73 62.33 316.37 59.39
00508 0.750913 254.27 484.65 273.08 485.37 275.04 434.50 256.23 433.77
00508 0.641601 646.75 262.29 638.30 247.55 616.47 260.06 624.92 274.80
00509 0.888193 98.37 446.40 118.55 452.85 132.39 409.62 112.21 403.16
00509 0.885921 73.88 449.41 92.83 454.06 103.00 412.59 84.05 407.94
00509 0.872633 408.51 304.70 424.58 304.41 423.82 262.10 407.75 262.39
00509 0.870660 52.14 435.48 69.83 442.75 84.46 407.17 66.77 399.90
00510 0.886338 49.08 494.49 66.56 493.00 63.25 454.09 45.76 455.57
00510 0.845406 551.01 93.74 550.68 78.77 521.28 79.42 521.61 94.39
00510 0.753287 98.32 485.65 118.42 483.34 113.51 440.57 93.41 442.87
00510 0.736279 340.93 495.93 355.03 485.77 334.89 457.83 320.79 467.99
00510 0.728430 582.76 441.91 597.40 427.52 568.67 398.28 554.02 412.67
00510 0.715074 76.76 497.99 94.88 493.43 83.30 447.33 65.18 451.89
00510 0.337413 449.39 10.98 459.38 18.59 472.58 1.25 462.59 -6.36
00511 0.897927 548.55 80.07 547.19 65.69 519.44 68.32 520.80 82.70
00511 0.854507 89.08 496.88 106.40 493.72 99.41 455.34 82.08 458.50
00511 0.827018 138.13 487.16 157.73 483.39 149.49 440.54 129.90 444.31
00511 0.744858 379.18 484.85 393.38 473.83 371.66 445.84 357.46 456.87
00511 0.721352 117.00 499.56 134.54 493.99 120.19 448.87 102.65 454.45
00511 0.596716 611.63 419.82 625.82 403.60 594.69 376.36 580.50 392.57
00511 0.387326 103.14 42.43 100.88 29.10 76.14 33.29 78.39 46.62
00511 0.351511 474.00 22.50 484.09 31.76 501.19 13.14 491.11 3.88
00512 0.858926 423.08 67.15 421.58 51.86 392.82 54.68 394.32 69.97
00512 0.784895 525.27 386.61 536.35 369.82 502.92 347.75 491.84 364.53
00512 0.625538 67.41 513.32 89.62 506.63 75.67 460.36 53.46 467.05
00512 0.597555 310.87 476.69 323.37 463.58 298.64 440.02 286.15 453.13
00512 0.343005 572.80 55.62 566.02 39.21 532.54 53.04 539.32 69.44
00512 0.301543 540.64 521.72 557.92 503.75 524.68 471.81 507.41 489.78
00513 0.905351 420.66 55.84 418.43 41.06 389.96 45.35 392.18 60.13
00513 0.839256 533.06 369.37 543.45 353.15 510.70 332.16 500.30 348.39
00513 0.801078 325.46 465.71 337.89 451.84 311.17 427.90 298.74 441.78
00513 0.737525 85.38 504.74 105.17 496.46 87.73 454.73 67.93 463.01
00513 0.725514 36.45 518.30 52.31 512.40 40.04 479.41 24.18 485.30
00513 0.572375 64.91 517.10 80.38 508.42 61.52 474.82 46.05 483.51
00513 0.384039 565.17 512.01 581.95 491.96 536.90 454.24 520.12 474.29
00514 0.781869 486.85 330.70 495.61 313.23 462.51 296.65 453.76 314.12
00514 0.766771 58.86 486.95 76.99 478.09 58.15 439.52 40.02 448.38
00514 0.758722 360.61 38.00 358.40 22.83 329.15 27.10 331.36 42.27
00514 0.744740 291.52 433.51 302.22 419.43 275.34 399.01 264.65 413.09
00514 0.728225 12.44 508.11 27.64 500.91 10.62 464.96 -4.58 472.15
00514 0.548834 326.76 459.50 337.42 444.36 308.58 424.04 297.92 439.18
00514 0.324986 517.94 457.14 532.42 438.91 495.54 409.62 481.06 427.84
00515 0.855481 298.77 381.41 309.22 367.47 284.10 348.64 273.65 362.58
00515 0.839367 31.80 450.07 46.39 442.70 30.56 411.31 15.96 418.68
00515 0.802986 76.62 431.68 94.66 422.37 75.64 385.55 57.61 394.86
00515 0.800202 362.61 13.34 360.53 -0.66 334.18 3.25 336.26 17.26
00515 0.698582 486.92 286.23 494.64 270.15 461.98 254.47 454.26 270.55
00515 0.437317 59.15 446.29 73.84 437.51 52.84 402.39 38.16 411.17
00516 0.882887 193.87 330.08 201.00 315.23 173.23 301.90 166.10 316.75
00516 0.411260 357.12 223.52 363.32 207.44 332.07 195.39 325.87 211.46
00517 0.870992 202.60 273.43 209.92 259.11 184.88 246.30 177.55 260.63
00517 0.574565 359.34 174.37 363.86 159.16 333.18 150.04 328.65 165.24
00519 0.680146 95.32 244.37 99.39 229.93 72.19 222.27 68.12 236.70
00519 0.376010 547.62 217.73 549.97 198.92 514.02 194.43 511.67 213.24
00520 0.493055 503.89 209.07 505.73 190.78 470.15 187.20 468.31 205.49
00520 0.382239 189.70 143.69 191.68 128.55 161.89 124.64 159.90 139.78
00520 0.366927 52.55 255.01 56.45 240.49 28.34 232.94 24.44 247.46
00522 0.576459 262.08 196.80 261.00 179.95 227.47 182.10 228.55 198.95
00522 0.387903 590.29 63.59 590.86 53.99 566.18 52.54 565.62 62.13
00522 0.329895 263.28 366.19 280.95 365.77 279.91 322.15 262.25 322.57
00523 0.616119 603.49 460.83 625.94 451.58 608.39 408.97 585.93 418.22
00524 0.906250 626.21 324.86 620.85 304.35 576.28 315.99 581.64 336.50
00524 0.811031 555.86 443.69 576.46 433.89 556.18 391.27 535.57 401.08
00524 0.562776 110.27 213.36 107.41 196.89 73.70 202.75 76.56 219.22
00524 0.489113 620.62 303.79 614.09 282.81 563.56 298.53 570.09 319.51
00524 0.410249 601.12 281.12 591.32 260.65 547.58 281.59 557.38 302.06
00525 0.903107 534.13 338.98 526.17 318.43 481.58 335.70 489.54 356.26
00525 0.812186 504.79 296.48 492.20 276.39 449.89 302.89 462.48 322.98
00525 0.736762 290.81 62.31 289.61 52.01 265.33 54.84 266.53 65.14
00525 0.494073 475.09 473.52 495.50 461.87 470.75 418.50 450.34 430.15
00525 0.388717 525.21 316.17 515.41 295.50 466.16 318.84 475.96 339.51
00526 0.859813 452.93 372.17 441.87 352.99 400.76 376.70 411.82 395.88
00526 0.818285 181.55 100.00 178.92 87.99 154.66 93.31 157.29 105.32
00526 0.547158 93.89 49.32 103.44 41.89 90.91 25.79 81.36 33.21
00526 0.525056 419.11 330.04 403.33 312.54 365.61 346.54 381.39 364.05
00526 0.440659 178.12 19.72 187.81 14.60 178.94 -2.20 169.24 2.92
00527 0.864688 436.96 429.73 425.15 409.75 383.77 434.21 395.58 454.19
00527 0.775850 149.93 136.66 147.13 124.32 119.01 130.72 121.82 143.05
00527 0.460433 55.42 82.66 65.06 75.27 51.89 58.11 42.25 65.50
00527 0.440977 142.23 50.15 152.62 44.93 143.86 27.48 133.46 32.71
00527 0.350259 638.48 80.66 632.18 66.35 606.16 77.81 612.46 92.12
00528 0.846238 68.72 186.83 64.69 173.37 34.97 182.26 39.00 195.72
00528 0.820339 384.80 492.79 370.78 473.04 329.26 502.51 343.28 522.27
00528 0.721404 56.49 91.60 67.42 84.86 55.90 66.18 44.97 72.92
00528 0.599519 4.04 108.66 14.81 101.43 3.49 84.59 -7.27 91.83
00530 0.601280 490.14 132.81 481.86 120.35 459.81 135.00 468.10 147.46
00530 0.425643 238.83 21.32 245.61 11.40 228.34 -0.39 221.57 9.53
00531 0.688324 478.03 91.82 491.11 104.03 515.01 78.42 501.92 66.21
00532 0.525887 307.53 182.52 321.90 195.09 349.29 163.78 334.92 151.21
00532 0.449930 312.85 142.63 302.58 131.85 283.46 150.07 293.74 160.85
00533 0.725997 258.79 208.34 247.45 196.37 226.46 216.25 237.80 228.23
00533 0.680309 102.29 399.53 119.07 414.21 153.60 374.72 136.82 360.04
00533 0.561661 364.26 196.01 377.31 204.22 391.00 182.45 377.95 174.24
00534 0.496988 240.60 242.71 253.99 255.53 276.58 231.95 263.19 219.12
00534 0.343478 437.81 183.02 449.24 192.74 467.49 171.30 456.07 161.58
00535 0.791604 297.40 42.92 307.41 51.58 321.15 35.70 311.14 27.03
00535 0.756715 569.92 49.87 581.51 55.46 591.61 34.53 580.02 28.93
00536 0.876513 499.93 58.71 510.72 63.17 519.54 41.82 508.75 37.36
00536 0.508718 222.40 64.54 232.29 72.86 245.75 56.87 235.86 48.55
00536 0.424623 305.27 357.85 321.80 367.41 336.71 341.60 320.18 332.04
00537 0.900680 501.38 74.20 512.97 79.55 522.88 58.08 511.29 52.73
00537 0.798792 218.83 83.31 229.05 91.12 241.57 74.73 231.35 66.93
00537 0.719189 305.57 392.35 321.99 401.33 336.41 374.96 319.98 365.98
00537 0.395295 543.80 109.07 546.13 98.34 527.03 94.20 524.70 104.93
00537 0.376100 101.75 360.50 105.10 351.96 87.10 344.89 83.74 353.44
00538 0.889368 425.66 127.78 436.95 131.34 444.13 108.57 432.84 105.01
00538 0.873961 241.41 510.96 258.24 519.30 267.97 499.66 251.14 491.32
00538 0.868437 118.68 157.58 130.36 165.81 143.67 146.92 131.99 138.69
00538 0.319640 180.01 17.66 190.42 23.73 199.55 8.07 189.14 2.00
00539 0.898912 427.99 175.36 439.78 178.87 447.18 154.00 435.39 150.49
00539 0.883703 104.84 213.59 117.74 220.10 128.55 198.67 115.66 192.17
00540 0.832546 90.62 23.10 97.96 12.00 78.94 -0.58 71.60 10.53
00541 0.901191 436.66 247.41 449.93 251.52 458.47 223.91 445.20 219.80
00541 0.881705 88.83 294.22 101.54 301.48 115.01 277.93 102.29 270.66
00541 0.771447 495.43 297.20 498.65 283.58 470.86 277.00 467.63 290.62
00541 0.476871 386.29 169.62 398.92 173.58 405.84 151.47 393.22 147.52
00542 0.914162 448.52 322.89 462.09 326.33 469.68 296.42 456.11 292.98
00542 0.873991 69.49 379.94 84.41 388.41 100.55 360.00 85.63 351.53
00542 0.818655 511.56 383.92 515.88 367.61 482.48 358.76 478.16 375.06
00542 0.372587 239.19 187.02 251.20 193.16 261.35 173.31 249.34 167.17
00543 0.866887 31.47 492.88 47.42 502.03 65.25 470.93 49.31 461.78
00543 0.851277 444.39 415.37 461.00 419.13 469.22 382.86 452.61 379.09
00543 0.836164 513.02 482.62 517.52 465.89 484.92 457.13 480.42 473.86
00544 0.816880 390.89 510.43 407.91 512.83 412.90 477.48 395.89 475.08
00545 0.341155 450.98 106.25 461.75 108.17 464.91 90.38 454.14 88.47
00546 0.585587 400.40 16.08 410.95 21.53 421.62 0.85 411.07 -4.59
00547 0.827940 373.32 60.55 383.86 66.28 395.56 44.73 385.02 39.00
00548 0.867362 373.09 114.59 384.19 119.99 395.59 96.56 384.49 91.16
00548 0.318570 531.91 13.36 540.60 16.17 545.30 1.63 536.61 -1.18
00549 0.903278 376.77 177.80 388.55 182.94 399.19 158.56 387.41 153.42
00549 0.820030 526.68 97.17 537.73 101.63 545.92 81.34 534.87 76.88
00549 0.339275 544.95 61.61 553.04 62.98 555.39 49.07 547.29 47.70
00549 0.303640 470.24 25.43 482.36 23.22 478.39 1.49 466.27 3.71
00550 0.922903 305.22 270.61 319.74 275.54 330.14 244.89 315.62 239.96
00550 0.815601 462.90 163.34 475.45 166.46 481.43 142.44 468.88 139.32
00550 0.770431 479.07 122.34 489.71 123.83 492.35 104.98 481.71 103.49
00550 0.330657 399.07 82.05 410.31 78.96 404.92 59.36 393.67 62.46
00552 0.797485 466.06 238.99 472.45 244.76 484.46 231.48 478.07 225.70
00552 0.401637 632.95 250.01 640.65 250.89 642.28 236.55 634.59 235.68
00553 0.398213 487.35 273.05 494.21 279.31 507.39 264.88 500.54 258.62
00554 0.315972 532.86 411.45 539.85 418.03 554.70 402.25 547.72 395.67
00555 0.627839 561.98 488.42 569.33 495.03 583.94 478.78 576.59 472.17
00574 0.675955 473.03 70.61 467.87 62.08 450.98 72.30 456.14 80.83
00574 0.309602 474.40 81.47 468.65 73.99 452.79 86.18 458.54 93.66
00575 0.729357 483.16 156.38 477.68 147.77 459.42 159.40 464.91 168.00
00575 0.639687 283.33 43.98 288.36 36.16 272.05 25.68 267.03 33.51
00575 0.309594 221.43 44.33 230.08 48.79 238.57 32.33 229.92 27.87
00576 0.825832 283.32 180.69 288.48 173.08 271.25 161.41 266.10 169.02
00576 0.639708 296.75 121.98 303.00 127.83 315.45 114.51 309.19 108.66
00576 0.493654 216.49 181.43 225.54 185.89 234.63 167.44 225.59 162.98
00576 0.424263 591.37 230.83 599.34 232.50 602.04 219.63 594.08 217.96
00576 0.398086 326.41 137.83 333.71 144.14 346.32 129.57 339.02 123.26
00576 0.391923 197.30 174.23 206.07 180.45 219.24 161.89 210.47 155.67
00576 0.341712 539.16 5.48 534.37 -1.02 523.52 6.96 528.31 13.47
00577 0.829155 438.17 230.07 431.95 223.21 416.97 236.81 423.19 243.66
00577 0.821906 391.41 298.37 398.58 291.26 383.45 276.01 376.29 283.11
00577 0.770489 468.52 252.78 462.44 245.22 446.08 258.38 452.16 265.94
00577 0.662803 477.16 262.10 470.91 255.17 456.55 268.10 462.80 275.04
00577 0.625653 304.40 275.64 312.09 282.96 328.19 266.04 320.50 258.72
00577 0.581148 331.48 301.73 339.80 309.51 355.71 292.48 347.38 284.70
00577 0.572151 398.26 198.53 392.08 191.30 377.04 204.16 383.21 211.39
00577 0.511017 485.94 268.60 479.73 261.77 464.97 275.21 471.19 282.04
00577 0.478421 232.05 489.00 228.40 478.77 208.77 485.79 212.42 496.02
00578 0.883835 354.38 413.99 360.73 406.00 343.41 392.23 337.06 400.22
00578 0.838800 260.12 400.97 268.93 407.45 284.71 385.98 275.89 379.50
00578 0.811924 407.95 364.79 414.89 371.23 429.98 354.96 423.04 348.52
00578 0.715236 292.81 425.81 301.64 432.31 315.82 413.03 306.99 406.53
00578 0.691346 419.13 374.36 426.17 380.71 440.55 364.77 433.51 358.41
00578 0.475210 327.73 312.76 334.52 319.21 348.71 304.26 341.92 297.81
00578 0.457149 374.23 342.74 381.49 349.16 394.87 334.06 387.61 327.63
00582 0.334416 197.02 30.44 195.16 17.11 169.51 20.68 171.37 34.00
00584 0.721961 614.34 30.47 622.81 30.74 623.37 13.07 614.90 12.80
00584 0.704264 594.48 66.34 596.28 56.55 575.65 52.77 573.86 62.57
00584 0.689463 494.66 51.13 503.09 52.59 505.66 37.88 497.23 36.41
00584 0.497689 347.00 63.97 353.87 68.53 362.53 55.48 355.65 50.92
00585 0.871788 507.69 150.93 516.96 152.42 519.47 136.81 510.20 135.33
00585 0.804073 613.16 166.68 614.64 156.42 593.18 153.32 591.70 163.58
00585 0.772657 352.28 165.82 360.31 170.69 368.95 156.41 360.92 151.55
00586 0.861798 519.11 207.03 528.62 208.43 530.98 192.38 521.46 190.98
00586 0.843719 629.47 223.45 630.72 212.64 608.24 210.03 606.99 220.85
00588 0.824699 38.58 380.32 47.34 366.07 15.51 346.51 6.75 360.75
00589 0.858827 112.08 492.67 114.92 474.71 76.26 468.58 73.41 486.54
00590 0.846612 137.00 83.02 143.00 64.27 90.79 47.55 84.79 66.30
00591 0.947987 212.85 155.44 212.84 134.35 158.27 134.36 158.27 155.45
00592 0.936447 305.14 161.05 300.85 140.91 247.75 152.23 252.04 172.37
00593 0.916262 518.90 159.60 512.13 140.25 459.38 158.70 466.15 178.05
00594 0.911887 570.89 83.64 558.46 67.41 514.22 101.27 526.65 117.50
00598 0.910102 380.35 159.03 379.24 139.37 333.22 141.98 334.33 161.64
00599 0.754201 431.89 494.72 450.76 488.51 434.74 439.81 415.87 446.01
00600 0.829134 410.53 447.37 429.94 439.57 411.22 393.02 391.81 400.83
00601 0.779548 370.00 421.01 388.49 413.87 370.14 366.38 351.65 373.53
00602 0.884829 511.62 16.98 511.44 -0.70 465.83 -0.23 466.01 17.44
00602 0.735893 334.06 399.04 352.50 392.88 335.66 342.55 317.23 348.72
00603 0.924047 514.82 100.63 514.44 82.05 467.60 83.02 467.98 101.60
00603 0.797966 303.46 379.30 322.58 374.36 309.38 323.22 290.26 328.15
00604 0.937859 517.25 192.41 516.64 173.42 470.05 174.93 470.66 193.92
00604 0.811988 278.20 357.54 297.37 353.88 287.73 303.40 268.56 307.06
00605 0.928823 518.99 283.82 518.53 265.47 471.12 266.64 471.58 284.99
00605 0.801396 257.29 335.51 276.98 332.43 268.98 281.24 249.29 284.32
00606 0.946876 519.72 467.23 519.36 446.89 474.41 447.69 474.77 468.03
00606 0.406843 230.74 284.67 251.20 283.67 248.56 230.01 228.11 231.01
00607 0.848677 521.58 512.03 521.13 497.01 474.45 498.39 474.89 513.42
00608 0.462063 233.39 102.24 254.19 103.42 257.26 49.00 236.46 47.83
00609 0.913544 377.80 281.18 376.52 261.22 331.55 264.10 332.83 284.06
00620 0.909252 375.64 409.30 374.41 389.92 330.25 392.73 331.48 412.11
00627 0.764117 519.49 32.76 538.97 38.26 549.54 0.82 530.06 -4.68
00628 0.450424 285.11 425.72 281.50 405.20 235.32 413.33 238.93 433.84
00628 0.416159 289.58 164.20 299.09 160.63 291.52 140.46 282.01 144.03
00628 0.308490 275.75 167.37 285.98 165.40 281.89 144.21 271.66 146.18
00629 0.464417 172.84 354.38 169.75 334.34 124.20 341.38 127.30 361.42
00630 0.458005 46.51 321.94 44.28 301.90 -0.65 306.90 1.58 326.94
00631 0.920317 375.20 475.01 373.74 454.78 328.19 458.08 329.66 478.32
00641 0.747179 25.80 234.63 35.94 221.86 6.86 198.76 -3.28 211.54
00642 0.943287 146.07 471.17 165.64 481.27 187.81 438.30 168.24 428.20
00642 0.911928 258.94 165.33 272.78 173.20 287.08 148.03 273.23 140.17
00642 0.855720 368.16 193.39 383.38 199.29 392.97 174.55 377.75 168.65
00642 0.832166 344.29 55.17 357.87 60.30 366.49 37.47 352.91 32.35
00642 0.806466 399.49 79.99 413.19 85.21 421.08 64.47 407.37 59.26
00642 0.769465 392.74 24.44 403.80 29.97 412.22 13.10 401.15 7.58
00643 0.682630 481.88 6.72 479.88 -3.71 458.15 0.47 460.15 10.89
00644 0.874797 423.95 21.51 420.81 7.40 394.40 13.28 397.54 27.39
00644 0.825023 591.49 204.81 601.30 208.65 609.02 188.94 599.22 185.10
00644 0.417538 40.87 39.45 51.00 48.26 65.81 31.25 55.69 22.43
00645 0.851505 375.67 44.53 373.24 29.88 346.00 34.40 348.43 49.05
00645 0.739187 537.89 245.69 548.61 249.81 557.32 227.13 546.59 223.01
00646 0.848439 340.18 74.10 338.37 60.44 309.83 64.22 311.63 77.88
00646 0.819105 501.49 299.27 513.11 303.79 522.99 278.41 511.36 273.89
00647 0.903848 316.69 111.58 313.84 97.31 285.39 102.99 288.24 117.26
00647 0.858393 482.60 368.85 495.55 374.04 506.56 346.57 493.61 341.38
00648 0.912791 302.18 157.06 298.20 142.34 267.87 150.55 271.85 165.27
00648 0.890052 477.35 459.37 491.86 465.03 504.11 433.59 489.60 427.93
00648 0.305192 430.92 381.94 433.37 370.60 412.44 366.10 409.99 377.44
00649 0.879631 264.48 279.36 259.03 260.63 221.85 271.44 227.30 290.17
00650 0.893242 504.76 23.17 513.61 26.81 520.60 9.75 511.75 6.12
00650 0.886319 220.21 354.00 214.05 334.69 173.49 347.63 179.65 366.94
00650 0.871188 481.16 18.08 489.45 22.22 497.27 6.52 488.98 2.38
00650 0.827947 531.66 28.65 540.27 31.55 545.70 15.42 537.08 12.52
00650 0.822224 468.77 17.06 477.34 21.13 485.40 4.19 476.83 0.11
00650 0.811012 493.85 21.72 502.81 25.23 509.67 7.68 500.72 4.18
00650 0.794127 543.06 30.58 551.42 33.21 556.44 17.22 548.08 14.60
00650 0.782160 518.66 25.77 527.33 28.96 533.06 13.41 524.39 10.21
00650 0.767728 456.63 14.51 465.67 18.71 473.47 1.94 464.44 -2.26
00650 0.742724 536.85 16.09 545.62 18.73 549.05 7.36 540.27 4.72
00650 0.628623 536.17 48.84 544.40 51.91 548.73 40.35 540.50 37.27
00650 0.600117 436.50 30.39 444.11 33.97 449.31 22.93 441.70 19.34
00650 0.470717 552.41 49.75 559.53 51.42 562.08 40.54 554.96 38.87
00650 0.447948 399.14 21.81 406.81 25.76 411.89 15.90 404.22 11.95
00650 0.446804 444.59 12.92 453.36 17.08 461.24 0.48 452.46 -3.68
00650 0.438841 385.86 23.29 394.07 26.68 398.87 15.09 390.65 11.69
00650 0.430625 406.32 6.96 407.58 0.07 395.93 -2.05 394.68 4.85
00651 0.899248 442.84 48.57 452.06 52.10 458.93 34.14 449.70 30.61
00651 0.896420 479.98 55.27 489.23 59.35 497.05 41.61 487.80 37.53
00651 0.888003 519.73 63.49 529.01 67.17 535.85 49.95 526.57 46.26
00651 0.884631 468.71 52.65 478.09 56.56 486.30 36.89 476.91 32.98
00651 0.883716 486.01 18.62 494.96 23.12 502.87 7.40 493.93 2.89
00651 0.878989 523.60 26.71 532.94 29.59 538.16 12.69 528.81 9.81
00651 0.877681 429.77 47.03 439.26 50.79 446.29 33.06 436.80 29.30
00651 0.863531 494.80 58.25 503.89 61.56 510.32 43.91 501.23 40.60
00651 0.835290 448.89 13.52 458.60 17.41 465.40 0.46 455.69 -3.44
00651 0.824343 455.10 50.34 464.16 54.39 471.63 37.70 462.58 33.65
00651 0.817999 281.88 16.80 284.77 7.10 261.54 0.17 258.64 9.87
00651 0.778394 353.18 54.15 361.42 58.46 367.58 46.65 359.34 42.35
00651 0.771419 508.52 59.83 517.63 63.59 524.36 47.27 515.25 43.51
00651 0.751676 367.96 54.76 375.99 58.95 381.61 48.17 373.58 43.98
00651 0.751357 381.64 58.12 389.76 61.64 394.62 50.43 386.50 46.90
00651 0.745677 290.35 39.83 298.33 41.43 301.43 25.94 293.45 24.34
00651 0.718275 503.07 81.99 511.14 84.95 515.59 72.81 507.52 69.85
00651 0.708751 415.75 44.65 425.66 48.99 433.27 31.66 423.35 27.31
00651 0.695975 270.87 31.06 273.56 21.89 250.12 15.01 247.43 24.18
00651 0.693470 153.87 438.99 147.02 418.93 101.52 434.46 108.37 454.53
00651 0.656745 513.52 81.21 522.47 84.26 526.18 73.40 517.23 70.35
00651 0.649684 515.36 46.45 524.15 49.78 528.42 38.53 519.62 35.19
00651 0.634621 529.15 85.34 538.53 87.25 541.01 75.06 531.63 73.15
00651 0.619073 275.27 25.53 277.86 16.56 253.85 9.64 251.26 18.61
00651 0.558885 394.89 61.68 403.37 64.94 407.87 53.23 399.39 49.98
00651 0.510905 314.88 45.89 322.73 49.87 328.38 38.73 320.53 34.75
00651 0.387757 370.00 60.11 375.18 47.67 365.67 43.71 360.49 56.16
00651 0.371344 304.19 45.47 312.11 48.18 316.35 35.80 308.43 33.08
00651 0.323175 447.99 68.93 455.45 70.73 457.58 61.92 450.12 60.11
00652 0.932586 419.86 85.18 429.71 89.98 438.91 71.07 429.06 66.28
00652 0.928636 445.84 91.36 455.55 95.58 464.52 74.96 454.80 70.73
00652 0.915940 406.64 84.07 416.21 88.12 424.69 68.07 415.12 64.02
00652 0.896628 461.32 92.88 471.35 97.55 479.81 79.37 469.79 74.70
00652 0.895584 454.82 50.04 463.44 54.55 472.38 37.47 463.76 32.96
00652 0.892821 392.71 81.69 402.37 86.43 411.83 67.13 402.16 62.39
00652 0.882158 487.62 99.88 497.32 103.84 504.85 85.41 495.15 81.45
00652 0.871950 354.10 96.64 362.75 100.98 368.62 89.27 359.97 84.93
00652 0.854165 475.94 95.97 485.55 100.33 493.26 83.36 483.66 79.00
00652 0.842376 416.00 44.58 426.36 48.53 433.08 30.86 422.72 26.92
00652 0.832034 434.07 88.82 444.46 93.17 454.44 69.34 444.04 64.99
00652 0.827472 340.61 95.46 349.15 99.65 355.57 86.56 347.03 82.38
00652 0.807468 238.46 47.92 241.44 37.32 216.20 30.21 213.22 40.81
00652 0.801781 312.49 88.96 320.45 92.68 326.02 80.78 318.05 77.05
00652 0.758277 224.65 63.91 227.28 54.40 204.40 48.07 201.77 57.58
00652 0.754123 493.75 57.88 502.93 62.02 510.74 44.68 501.56 40.55
00652 0.718065 479.83 120.97 488.67 124.78 493.47 113.64 484.63 109.83
00652 0.716015 496.70 125.73 505.93 128.16 509.49 114.61 500.26 112.18
00652 0.709691 258.58 79.40 267.36 83.78 273.03 72.40 264.25 68.03
00652 0.685140 243.24 75.39 252.20 77.93 256.53 62.63 247.56 60.09
00652 0.679545 378.30 79.27 388.32 84.30 397.90 65.22 387.88 60.19
00652 0.676193 484.58 78.79 493.77 82.48 499.00 69.48 489.81 65.79
00652 0.675631 441.52 72.19 450.78 76.32 456.65 63.16 447.40 59.03
00652 0.596598 425.62 115.91 435.58 117.13 437.27 103.35 427.30 102.13
00652 0.567880 441.76 117.17 451.76 116.47 450.90 104.10 440.90 104.80
00652 0.557332 396.57 104.19 405.10 106.96 408.36 96.92 399.82 94.15
00652 0.546228 231.79 56.82 234.42 47.76 209.62 40.57 206.99 49.63
00652 0.482192 275.36 80.82 282.98 84.11 287.54 73.53 279.92 70.24
00652 0.471799 287.63 83.23 294.93 86.60 299.48 76.74 292.17 73.37
00652 0.433248 214.18 73.17 216.01 64.65 198.47 60.89 196.65 69.41
00652 0.423170 326.96 93.59 335.51 97.92 341.90 85.30 333.35 80.97
00652 0.366396 369.06 100.54 377.30 103.66 381.55 92.46 373.30 89.34
00652 0.319386 409.19 107.72 417.77 109.74 420.10 99.84 411.52 97.82
00653 0.941303 159.67 329.44 176.85 339.02 195.91 304.84 178.73 295.26
00653 0.911003 324.25 109.05 338.53 115.60 350.18 90.23 335.91 83.67
00653 0.905931 319.02 160.31 332.32 166.85 344.27 142.56 330.97 136.02
00653 0.839417 265.05 199.50 282.93 207.53 297.88 174.28 280.00 166.24
00653 0.657169 444.98 27.05 456.02 30.21 460.78 13.59 449.74 10.43
00654 0.942501 371.71 238.01 383.65 243.32 395.24 217.31 383.30 211.99
00654 0.934884 439.18 253.56 451.63 258.00 461.06 231.55 448.62 227.11
00654 0.920823 471.58 262.71 483.53 266.94 492.92 240.43 480.97 236.19
00654 0.919873 405.75 246.24 417.88 250.76 428.37 222.58 416.24 218.06
00654 0.917794 420.26 249.59 432.11 254.73 443.03 229.55 431.17 224.41
00654 0.904187 305.20 261.77 314.95 266.16 322.20 250.07 312.45 245.68
00654 0.903025 388.56 241.74 400.79 246.62 410.96 221.17 398.72 216.28
00654 0.902761 374.75 276.35 385.32 279.26 389.22 265.10 378.64 262.18
00654 0.902206 151.05 211.91 155.28 198.52 125.75 189.20 121.52 202.59
00654 0.894079 456.92 259.17 469.64 263.34 478.51 236.25 465.79 232.09
00654 0.886527 170.44 184.66 173.52 171.00 143.16 164.17 140.09 177.83
00654 0.885331 354.92 235.27 367.23 241.17 379.61 215.36 367.29 209.45
00654 0.883001 412.56 285.45 423.76 289.03 428.60 273.91 417.40 270.33
00654 0.881302 254.15 250.35 265.57 255.46 272.98 238.88 261.56 233.78
00654 0.879960 462.49 297.51 472.74 300.78 477.59 285.58 467.33 282.31
00654 0.871745 323.46 265.77 333.58 270.04 340.30 254.11 330.18 249.84
00654 0.863663 272.48 252.72 283.55 258.75 292.45 242.42 281.38 236.39
00654 0.858811 358.37 274.28 368.35 278.34 374.22 263.91 364.24 259.85
00654 0.855672 431.68 189.49 443.80 194.60 454.07 170.20 441.95 165.09
00654 0.852929 394.32 282.10 405.86 286.36 411.40 271.37 399.87 267.11
00654 0.850990 468.70 233.09 479.48 236.45 485.12 218.40 474.34 215.03
00654 0.850130 223.08 242.79 234.81 247.59 241.15 232.11 229.43 227.30
00654 0.843269 482.28 302.11 492.56 304.43 495.93 289.47 485.66 287.15
00654 0.839111 478.77 199.57 491.53 204.67 501.78 179.04 489.02 173.94
00654 0.833253 187.89 234.93 199.33 240.98 207.53 225.47 196.10 219.42
00654 0.832182 159.41 200.25 162.70 188.87 130.67 179.64 127.39 191.03
00654 0.817111 447.64 292.33 457.34 294.79 460.95 280.50 451.26 278.05
00654 0.810839 288.15 256.97 298.15 262.49 306.88 246.68 296.88 241.16
00654 0.784969 416.53 220.74 427.59 226.05 435.30 209.99 424.24 204.68
00654 0.776497 138.29 225.25 141.20 213.67 113.22 206.63 110.31 218.21
00654 0.773509 385.82 180.15 397.63 184.63 406.49 161.26 394.68 156.78
00654 0.749910 171.78 234.11 180.82 235.06 182.60 218.05 173.56 217.10
00654 0.681619 337.38 232.35 350.03 238.54 362.43 213.19 349.78 207.01
00654 0.592119 205.04 239.69 216.37 246.24 225.68 230.12 214.36 223.58
00655 0.922276 392.54 261.88 408.37 269.12 425.07 232.61 409.24 225.37
00655 0.920262 317.01 299.39 333.00 307.33 344.91 283.35 328.92 275.41
00655 0.918201 415.93 266.66 432.48 273.71 448.32 236.58 431.77 229.52
00655 0.914725 439.01 272.17 455.44 279.45 471.58 243.03 455.14 235.75
00655 0.914328 140.51 180.71 146.14 162.53 105.24 149.87 99.61 168.05
00655 0.914251 342.90 306.98 358.86 313.91 369.65 289.05 353.70 282.12
00655 0.908661 483.90 285.66 499.52 292.29 515.10 255.59 499.48 248.95
00655 0.908128 121.51 202.72 127.79 186.36 88.38 171.23 82.10 187.59
00655 0.897872 109.18 218.47 116.20 200.00 76.88 185.05 69.86 203.52
00655 0.896687 391.59 320.11 406.95 327.28 417.96 303.70 402.60 296.53
00655 0.895854 543.67 361.02 559.85 367.05 568.71 343.28 552.53 337.24
00655 0.895211 470.10 341.23 485.92 347.63 495.29 324.50 479.47 318.09
00655 0.894599 293.90 291.13 309.73 300.11 323.22 276.34 307.39 267.35
00655 0.894189 177.05 258.61 191.12 269.86 208.01 248.74 193.94 237.49
00655 0.889036 568.16 215.14 583.52 220.51 595.36 186.68 580.00 181.30
00655 0.888995 270.91 285.46 286.37 293.88 299.10 270.52 283.63 262.09
00655 0.888609 414.92 325.07 430.59 331.75 440.60 308.27 424.94 301.59
00655 0.881286 438.12 183.21 453.11 189.00 465.32 157.38 450.33 151.59
00655 0.879902 90.20 237.77 94.48 222.57 52.53 210.75 48.25 225.96
00655 0.878813 521.35 354.01 538.45 358.61 544.83 334.89 527.73 330.29
00655 0.873290 444.34 335.08 460.13 341.69 470.13 317.79 454.34 311.19
00655 0.869238 368.30 256.82 383.96 264.39 401.11 228.86 385.45 221.30
00655 0.844404 245.52 279.11 261.28 287.74 273.69 265.08 257.93 256.45
00655 0.840303 199.83 268.16 215.87 278.38 231.01 254.61 214.97 244.39
00655 0.837966 553.89 264.14 567.62 267.96 574.66 242.67 560.93 238.85
00655 0.826108 573.89 371.27 588.92 374.64 594.56 349.48 579.53 346.11
00655 0.824054 151.88 253.58 168.00 265.84 185.63 242.66 169.50 230.40
00655 0.811852 462.95 280.61 480.25 286.74 494.15 247.51 476.84 241.38
00655 0.809634 501.36 197.12 516.83 203.93 530.87 172.02 515.40 165.21
00655 0.800139 511.34 291.81 528.65 297.56 541.19 259.80 523.88 254.05
00655 0.799944 536.13 300.31 553.38 306.24 566.92 266.81 549.67 260.88
00655 0.717842 479.29 247.15 494.23 252.78 504.02 226.81 489.07 221.17
00655 0.609528 125.97 250.11 140.77 256.26 150.37 233.17 135.56 227.01
00655 0.601489 557.35 308.26 575.31 314.27 588.02 276.30 570.06 270.29
00655 0.535621 132.66 247.58 148.78 256.81 161.24 235.03 145.13 225.80
00656 0.930578 323.11 321.81 336.95 329.94 351.15 305.74 337.31 297.62
00656 0.930514 110.56 235.66 117.87 217.71 77.74 201.37 70.43 219.32
00656 0.929258 300.90 314.36 315.28 321.66 327.63 297.31 313.24 290.02
00656 0.918660 277.40 306.52 292.45 314.73 305.09 291.58 290.03 283.37
00656 0.917522 448.58 293.74 465.29 300.80 480.84 263.98 464.13 256.92
00656 0.914247 179.63 279.67 195.22 290.07 210.25 267.52 194.67 257.13
00656 0.908994 400.33 282.42 416.97 289.64 432.76 253.23 416.13 246.01
00656 0.907314 446.66 199.89 462.17 205.64 474.03 173.69 458.53 167.93
00656 0.906957 558.05 387.50 574.02 392.56 581.95 367.55 565.98 362.49
00656 0.903968 203.98 287.21 220.05 297.45 234.46 274.84 218.39 264.59
00656 0.902832 141.93 196.88 147.81 177.26 107.03 165.03 101.14 184.65
00656 0.902322 124.56 218.78 129.85 201.45 86.97 188.37 81.69 205.70
00656 0.901154 425.27 288.35 442.12 294.81 456.84 256.44 440.00 249.98
00656 0.900688 350.01 331.36 366.64 338.23 377.59 311.72 360.96 304.85
00656 0.897070 455.52 359.54 471.45 365.13 479.91 341.05 463.98 335.45
00656 0.888064 481.18 367.80 498.10 373.21 505.94 348.66 489.02 343.26
00656 0.887798 424.22 349.68 440.21 355.82 449.45 331.75 433.46 325.61
00656 0.885991 156.31 273.23 172.64 283.56 186.62 261.46 170.29 251.14
00656 0.883097 400.80 344.03 417.01 349.73 425.25 326.28 409.04 320.58
00656 0.872223 534.69 380.20 550.81 383.82 556.45 358.66 540.33 355.05
00656 0.869556 570.54 330.53 587.92 336.39 600.66 298.55 583.29 292.70
00656 0.868672 375.18 276.59 392.08 284.66 409.19 248.83 392.28 240.76
00656 0.867696 523.55 314.65 541.28 319.97 553.10 280.61 535.37 275.29
00656 0.866757 89.02 256.98 94.08 240.43 53.45 228.00 48.38 244.55
00656 0.864753 493.69 307.95 511.06 315.25 527.01 277.29 509.64 269.99
00656 0.862170 579.72 234.73 596.46 240.32 607.71 206.61 590.98 201.02
00656 0.860282 567.08 284.93 581.12 288.03 586.58 263.31 572.54 260.21
00656 0.839373 488.77 266.24 504.29 272.53 514.65 246.94 499.13 240.65
00656 0.837061 588.67 396.61 604.46 399.71 609.23 375.40 593.44 372.30
00656 0.830911 550.20 323.86 567.46 328.54 578.18 289.05 560.92 284.36
00656 0.679497 249.26 302.29 265.27 310.46 278.04 285.43 262.03 277.26
00656 0.677107 511.21 215.38 527.89 222.77 542.72 189.32 526.04 181.93
00656 0.578486 132.90 272.37 144.91 272.37 144.90 251.19 132.89 251.20
00656 0.371652 473.65 300.76 490.82 307.26 505.30 269.01 488.13 262.51
00657 0.940936 133.09 311.20 138.89 292.49 91.96 277.94 86.15 296.64
00657 0.939406 444.14 392.26 462.58 399.34 479.31 355.78 460.87 348.69
00657 0.927412 152.87 284.30 159.90 263.94 114.77 248.36 107.74 268.72
00657 0.926245 472.40 398.14 491.28 404.48 506.19 360.03 487.31 353.69
00657 0.925402 117.19 332.47 125.82 312.75 81.53 293.37 72.90 313.10
00657 0.921884 359.93 447.29 377.59 454.61 391.16 421.90 373.51 414.58
00657 0.913980 551.39 425.87 570.78 431.80 584.96 385.44 565.57 379.51
00657 0.911515 498.54 405.54 517.80 412.62 534.06 368.38 514.81 361.30
00657 0.909900 447.65 472.83 466.41 478.02 474.98 447.07 456.21 441.88
00657 0.907861 334.29 435.20 351.33 442.16 363.53 412.29 346.48 405.33
00657 0.907055 391.08 455.04 410.30 461.10 420.14 429.91 400.92 423.85
00657 0.901793 474.23 481.59 494.51 486.89 503.36 453.08 483.08 447.77
00657 0.898346 96.51 362.31 102.71 342.63 54.61 327.47 48.41 347.14
00657 0.896818 195.89 392.26 211.47 403.13 231.72 374.11 216.13 363.23
00657 0.895389 509.80 493.97 530.21 498.72 538.08 464.90 517.67 460.15
00657 0.894415 307.29 425.77 324.67 433.81 338.33 404.26 320.95 396.22
00657 0.892599 415.84 386.26 434.01 393.55 451.36 350.33 433.19 343.04
00657 0.889872 276.32 417.96 294.24 426.84 308.84 397.35 290.92 388.48
00657 0.882930 167.34 385.29 184.03 396.55 204.20 366.64 187.51 355.39
00657 0.881577 491.58 288.58 508.21 294.01 520.43 256.61 503.79 251.18
00657 0.879920 543.03 372.23 560.71 376.90 568.82 346.18 551.14 341.51
00657 0.879080 528.02 417.60 546.58 422.72 559.31 376.66 540.74 371.53
00657 0.878900 583.83 433.52 604.43 438.28 615.50 390.33 594.91 385.57
00657 0.872568 222.34 402.85 240.69 413.81 258.64 383.76 240.29 372.80
00657 0.870490 539.74 503.22 560.58 508.97 570.17 474.21 549.34 468.46
00657 0.752677 142.34 375.80 160.84 387.58 178.58 359.70 160.09 347.93
00657 0.703385 564.91 308.61 584.12 314.88 596.91 275.72 577.70 269.45
00657 0.640996 614.21 443.14 633.74 447.85 645.35 399.73 625.83 395.02
00658 0.929273 158.50 325.70 166.40 304.26 120.01 287.17 112.11 308.61
00658 0.923374 579.81 477.79 600.44 483.46 614.09 433.73 593.46 428.06
00658 0.922659 591.35 348.36 609.67 353.82 621.89 312.84 603.57 307.38
00658 0.920321 350.45 490.74 369.22 499.28 385.40 463.75 366.64 455.21
00658 0.916390 524.32 457.12 543.36 463.32 558.87 415.62 539.83 409.43
00658 0.911862 495.58 449.97 515.02 455.64 529.45 406.17 510.01 400.50
00658 0.910858 466.58 441.72 485.50 448.46 502.42 400.97 483.50 394.22
00658 0.904222 99.56 408.32 105.70 390.28 56.02 373.36 49.87 391.39
00658 0.901992 122.28 377.16 131.28 356.07 84.63 336.16 75.63 357.26
00658 0.896789 233.24 455.65 253.29 467.38 273.79 432.33 253.74 420.61
00658 0.896394 437.15 434.14 456.37 441.16 473.29 394.86 454.06 387.83
00658 0.895441 138.44 356.61 145.67 336.39 95.13 318.33 87.90 338.55
00658 0.893359 203.74 446.03 222.23 457.77 243.72 423.97 225.23 412.22
00658 0.892982 378.13 501.14 397.48 509.65 412.71 475.04 393.36 466.52
00658 0.861877 322.22 483.50 342.35 491.74 357.07 455.76 336.94 447.52
00658 0.861121 554.90 469.20 575.61 474.00 587.30 423.61 566.59 418.80
00658 0.845783 410.07 511.32 431.17 518.97 443.64 484.54 422.55 476.89
00658 0.827035 289.72 473.83 310.51 483.09 326.32 447.61 305.53 438.35
00658 0.812735 174.80 437.75 193.91 449.63 215.21 415.38 196.09 403.49
00658 0.784192 613.71 485.96 635.01 490.39 645.76 438.69 624.47 434.27
00658 0.725256 145.19 434.17 166.09 446.67 189.12 408.15 168.21 395.66
00658 0.651079 498.24 518.13 502.28 502.64 479.13 496.62 475.10 512.11
00658 0.578803 512.67 329.42 530.75 334.32 541.85 293.39 523.78 288.48
00658 0.338304 527.17 512.70 527.72 504.12 506.52 502.75 505.97 511.34
00659 0.927171 157.43 384.71 165.29 363.22 118.13 345.96 110.27 367.45
00659 0.921791 498.53 510.13 518.71 514.95 530.28 466.50 510.10 461.69
00659 0.918973 437.13 496.77 456.86 503.61 473.68 455.07 453.96 448.24
00659 0.907325 468.66 502.92 489.18 509.22 503.99 460.97 483.47 454.67
00659 0.907217 136.49 415.54 143.31 394.94 93.98 378.62 87.16 399.22
00659 0.905404 97.41 469.93 104.14 450.54 52.64 432.66 45.91 452.04
00659 0.900325 529.09 511.60 549.06 517.34 561.20 475.08 541.23 469.34
00659 0.876770 201.00 508.41 220.09 520.47 243.29 483.76 224.20 471.69
00659 0.870237 119.91 437.44 129.14 415.95 82.84 396.05 73.61 417.54
00659 0.826207 173.64 497.63 191.68 509.14 213.88 474.35 195.83 462.84
00659 0.824493 590.25 511.53 609.83 517.25 616.41 494.71 596.83 489.00
00659 0.821431 234.84 511.21 255.65 523.49 272.83 494.38 252.02 482.09
00659 0.704992 513.92 387.71 531.82 392.79 543.37 352.10 525.47 347.02
00659 0.689849 592.37 408.70 611.20 413.96 622.82 372.41 603.98 367.14
00659 0.455686 326.50 513.38 327.06 504.16 297.95 502.39 297.39 511.60
00660 0.937029 496.09 330.32 515.81 336.35 530.41 288.61 510.69 282.58
00660 0.932528 523.51 337.41 543.09 344.70 560.48 298.00 540.89 290.70
00660 0.927339 160.41 208.85 167.91 187.58 121.71 171.31 114.22 192.57
00660 0.917397 467.62 322.81 486.92 329.68 503.57 282.93 484.27 276.06
00660 0.911884 438.21 315.50 457.27 322.72 474.49 277.28 455.42 270.06
00660 0.910587 579.51 358.26 598.89 364.02 613.29 315.57 593.91 309.81
00660 0.905713 138.98 239.39 146.09 218.79 98.61 202.40 91.50 223.00
00660 0.891392 104.28 292.33 110.63 273.61 60.63 256.66 54.28 275.39
00660 0.861617 565.27 442.70 586.66 448.60 596.65 412.38 575.26 406.48
00660 0.860665 498.90 420.41 520.13 425.03 528.27 387.65 507.04 383.03
00660 0.857866 126.01 260.23 134.55 240.51 87.24 220.02 78.70 239.74
00660 0.850224 515.04 210.83 533.09 216.92 546.81 176.33 528.76 170.23
00660 0.843574 177.92 319.79 196.53 332.05 218.97 297.98 200.36 285.72
00660 0.837133 409.89 394.18 429.71 401.69 443.60 365.00 423.78 357.50
00660 0.825637 206.62 326.81 226.09 339.73 248.84 305.43 229.37 292.51
00660 0.768797 379.11 382.26 398.48 390.62 413.30 356.30 393.92 347.94
00660 0.746417 238.80 337.40 258.70 347.77 276.30 313.96 256.39 303.60
00660 0.720699 469.91 412.02 490.86 417.67 500.48 381.99 479.53 376.34
00660 0.715067 553.51 349.40 573.79 355.17 589.57 299.74 569.29 293.97
00660 0.699936 533.21 434.13 555.55 440.07 565.86 401.28 543.52 395.34
00660 0.650136 592.98 231.29 611.29 237.26 624.67 196.16 606.36 190.20
00660 0.619505 611.41 366.57 631.81 372.35 646.24 321.41 625.83 315.63
00660 0.537750 352.40 373.06 372.07 380.95 386.66 344.58 366.99 336.69
00660 0.351102 152.79 311.46 172.24 323.35 193.06 289.30 173.61 277.41
00661 0.910308 52.94 227.19 58.26 204.40 7.82 192.64 2.50 215.43
00661 0.909875 372.56 311.12 392.00 316.28 404.34 269.80 384.90 264.64
00661 0.908168 290.83 379.51 310.26 386.29 322.50 351.22 303.07 344.44
00661 0.903672 342.25 308.16 362.03 313.41 374.54 266.25 354.75 261.00
00661 0.893130 111.90 342.92 132.21 353.79 151.19 318.30 130.88 307.43
00661 0.886856 401.21 316.14 420.95 319.99 430.38 271.73 410.64 267.88
00661 0.883672 408.95 197.08 427.30 200.84 435.59 160.48 417.24 156.72
00661 0.881635 142.97 349.60 163.79 359.38 180.57 323.67 159.75 313.89
00661 0.881539 262.91 373.14 283.51 379.24 294.23 343.05 273.63 336.94
00661 0.879331 569.10 437.60 589.92 438.68 591.88 400.83 571.07 399.75
00661 0.876748 427.86 321.78 448.10 326.74 460.25 277.16 440.00 272.20
00661 0.872483 82.45 337.66 102.33 347.93 120.93 311.91 101.05 301.64
00661 0.865533 234.05 365.78 253.76 373.01 266.87 337.27 247.16 330.04
00661 0.849949 323.29 386.85 344.20 391.76 352.60 355.99 331.69 351.08
00661 0.849111 447.63 412.54 469.43 415.20 473.86 378.95 452.06 376.29
00661 0.848026 200.72 362.21 220.31 369.80 234.51 333.13 214.92 325.54
00661 0.834101 603.52 445.73 625.96 444.82 624.34 404.67 601.90 405.57
00661 0.833809 477.47 419.04 498.29 422.98 505.22 386.43 484.39 382.48
00661 0.796804 411.57 404.81 433.34 406.66 436.49 369.66 414.72 367.80
00661 0.786856 482.77 335.59 503.02 339.69 512.87 291.05 492.62 286.95
00661 0.763323 457.27 329.91 478.81 333.69 487.51 284.06 465.98 280.28
00661 0.759307 381.98 398.26 402.87 402.48 410.00 367.12 389.10 362.91
00661 0.706517 53.23 333.66 73.53 344.21 92.26 308.16 71.96 297.61
00661 0.705978 34.55 259.78 39.94 240.52 0.83 229.56 -4.57 248.82
00661 0.622011 545.69 346.73 566.67 350.19 574.78 301.09 553.80 297.63
00661 0.474265 484.88 210.52 503.62 214.74 513.00 173.02 494.26 168.80
00661 0.365207 539.22 429.71 562.53 431.33 565.09 394.34 541.79 392.73
00661 0.352030 515.13 339.71 536.43 343.02 544.11 293.63 522.81 290.31
00662 0.931235 42.96 506.81 67.20 518.18 89.20 471.27 64.96 459.90
00662 0.898832 501.81 498.41 524.12 501.77 533.29 440.83 510.98 437.48
00662 0.872771 77.04 510.82 103.24 524.03 125.93 479.01 99.74 465.80
00662 0.864396 375.02 469.23 396.68 473.55 408.45 414.44 386.79 410.13
00662 0.852568 408.31 473.58 430.87 476.95 439.64 418.16 417.08 414.80
00662 0.850035 439.42 481.07 462.07 485.35 473.37 425.64 450.72 421.35
00662 0.839620 116.74 510.41 143.18 520.55 156.51 485.76 130.07 475.63
00662 0.787688 605.90 513.16 628.16 514.44 631.12 462.62 608.87 461.35
00662 0.779351 7.69 503.72 34.09 516.61 59.53 464.50 33.13 451.61
00662 0.774855 573.69 510.37 597.30 512.74 603.39 452.25 579.78 449.88
00662 0.726068 538.87 501.31 562.46 503.63 568.41 443.25 544.82 440.93
00662 0.685778 251.40 515.36 254.07 501.61 228.80 496.72 226.14 510.47
00662 0.565257 342.22 464.66 363.88 468.92 375.50 409.89 353.84 405.62
00662 0.467667 473.46 488.89 495.99 491.92 504.08 431.77 481.56 428.74
00662 0.425323 287.32 512.71 287.52 505.14 258.83 504.39 258.64 511.96
00662 0.370848 588.80 356.85 610.10 359.72 617.26 306.53 595.95 303.66
00664 0.940177 121.86 452.25 146.36 464.45 171.58 413.81 147.09 401.61
00664 0.928681 194.34 386.57 213.10 395.99 231.04 360.29 212.28 350.86
00664 0.919732 228.93 276.34 247.63 285.66 265.56 249.70 246.87 240.38
00664 0.631829 86.12 439.61 112.00 453.56 142.94 396.17 117.07 382.22
00667 0.814580 26.10 420.01 44.32 430.44 63.90 396.24 45.69 385.81
00667 0.302403 62.06 176.60 77.93 189.25 98.97 162.87 83.10 150.22
00669 0.871094 -3.15 225.21 21.63 237.61 44.56 191.77 19.78 179.37
00669 0.796572 33.54 87.20 53.53 97.75 72.68 61.46 52.69 50.91
00671 0.436946 120.40 59.02 137.14 67.25 151.87 37.29 135.12 29.06
00672 0.888593 28.04 109.35 46.40 118.40 61.85 87.07 43.48 78.02
00674 0.889671 136.97 158.49 152.90 164.89 164.37 136.34 148.44 129.94
00674 0.315626 93.92 259.50 107.43 265.31 118.38 239.82 104.87 234.01
00675 0.927179 129.76 445.46 151.42 456.65 176.06 408.98 154.39 397.78
00676 0.862504 379.15 30.33 392.73 36.26 402.50 13.90 388.93 7.96
00677 0.908383 325.77 72.38 339.68 79.01 351.19 54.85 337.28 48.22
00678 0.905236 241.29 127.43 256.68 136.62 273.00 109.26 257.60 100.08
00679 0.908393 120.96 199.85 137.59 210.97 157.24 181.58 140.62 170.46
00679 0.564432 603.49 293.69 607.16 282.21 582.62 274.37 578.95 285.85
00680 0.564020 527.37 321.83 531.13 310.03 505.87 301.98 502.11 313.78
00685 0.717385 229.12 34.65 245.60 36.73 250.20 0.34 233.72 -1.75
00688 0.454302 134.25 493.84 139.58 478.98 105.18 466.63 99.84 481.49
00689 0.879023 131.41 309.40 136.73 294.80 103.09 282.55 97.77 297.14
00690 0.486694 129.24 57.07 134.73 42.87 102.45 30.38 96.96 44.57
00697 0.897798 478.52 74.82 484.14 60.64 455.74 49.38 450.12 63.56
00698 0.304754 178.08 323.07 191.61 328.68 205.49 295.23 191.96 289.62
00703 0.839919 490.99 59.71 500.48 47.66 473.80 26.64 464.31 38.69
00703 0.377984 560.36 121.82 570.05 109.52 539.26 85.28 529.58 97.58
00704 0.729239 90.65 466.99 102.89 469.39 107.80 444.34 95.55 441.94
00705 0.731011 263.06 432.58 276.27 435.19 282.03 406.03 268.81 403.42
00706 0.705565 313.47 508.74 327.49 511.71 334.75 477.37 320.73 474.40
00706 0.559925 339.32 166.33 355.69 169.56 364.64 124.15 348.28 120.92
00706 0.449770 260.77 329.56 275.35 337.79 292.44 307.50 277.86 299.27
00707 0.735415 259.90 448.02 274.79 456.24 292.14 424.79 277.26 416.57
00708 0.392934 507.22 62.15 510.79 44.01 471.80 36.33 468.22 54.48
00709 0.407520 504.16 185.74 508.40 167.93 470.93 159.00 466.69 176.82
00710 0.901977 87.74 159.39 100.55 145.26 67.07 114.92 54.26 129.05
00710 0.488172 503.60 344.50 507.97 327.48 469.68 317.64 465.31 334.66
00711 0.917022 85.59 134.14 98.71 119.86 66.05 89.88 52.94 104.17
00711 0.577037 505.21 319.19 508.88 300.71 468.76 292.74 465.08 311.22
00712 0.894879 171.24 75.70 184.40 60.88 151.12 31.33 137.96 46.16
00712 0.753473 73.37 458.44 80.33 444.34 48.62 428.67 41.65 442.77
00712 0.638065 197.50 429.67 203.60 412.64 166.56 399.37 160.46 416.40
00713 0.913868 225.34 74.02 238.51 58.84 205.04 29.81 191.88 44.99
00713 0.788272 252.48 428.36 258.36 412.13 222.00 398.96 216.12 415.19
00713 0.408324 127.79 456.93 134.78 443.30 102.46 426.73 95.47 440.36
00714 0.831151 477.16 168.97 485.44 156.01 455.49 136.88 447.21 149.85
00714 0.766195 316.02 64.77 324.99 49.12 286.57 27.07 277.59 42.72
00714 0.386975 377.18 103.93 385.84 90.36 354.41 70.29 345.74 83.86
00715 0.903845 335.45 70.19 348.57 55.22 315.18 25.95 302.05 40.92
00715 0.518834 240.12 449.06 246.66 434.25 211.43 418.68 204.88 433.50
00715 0.458217 362.94 418.73 368.11 402.32 331.61 390.81 326.44 407.22
00716 0.890237 301.23 337.98 307.65 324.04 275.67 309.33 269.25 323.27
00716 0.866382 425.53 309.84 431.14 293.75 395.62 281.36 390.01 297.45
00717 0.859989 311.16 465.37 319.10 449.62 285.17 432.52 277.23 448.27
00717 0.769865 409.18 84.88 422.96 69.70 389.27 39.12 375.49 54.30
00717 0.739569 435.53 433.98 441.22 417.31 403.74 404.51 398.05 421.17
00718 0.787716 409.85 247.40 422.95 232.81 390.94 204.08 377.85 218.67
00719 0.839453 413.66 419.70 426.46 405.16 393.34 375.99 380.54 390.53
00719 0.532855 239.96 20.64 254.13 21.31 255.15 -0.26 240.98 -0.93
00720 0.727073 174.94 93.42 190.02 93.95 191.27 58.29 176.19 57.77
00721 0.870432 114.63 514.12 127.76 498.53 93.96 470.09 80.84 485.69
00723 0.589262 300.70 60.36 302.72 44.48 267.84 40.04 265.82 55.92
00723 0.575836 264.89 226.89 269.76 210.34 231.23 199.00 226.36 215.55
00723 0.545186 586.34 323.28 592.57 310.97 561.01 295.00 554.78 307.32
00724 0.792025 342.60 174.61 345.22 158.85 308.65 152.77 306.03 168.52
00725 0.904628 306.74 171.40 314.50 155.71 275.26 136.29 267.50 151.98
00725 0.833921 473.31 266.70 480.40 252.94 446.45 235.43 439.36 249.19
00725 0.321848 368.93 206.23 376.18 192.64 345.17 176.10 337.92 189.69
00726 0.655983 343.91 331.32 345.64 314.47 305.13 310.31 303.40 327.15
00726 0.572087 354.11 274.71 358.87 258.56 324.33 248.38 319.58 264.53
00726 0.544599 309.20 494.23 312.28 477.73 273.69 470.52 270.61 487.02
00726 0.501750 496.28 134.98 499.20 116.26 455.46 109.44 452.53 128.15
00727 0.387688 100.54 510.02 116.26 514.58 124.28 486.94 108.56 482.38
00728 0.869398 592.39 224.18 609.31 224.51 610.01 189.36 593.09 189.02
00728 0.727607 96.48 33.17 110.74 36.60 118.67 3.70 104.42 0.26
00728 0.706862 572.39 327.09 588.05 331.24 597.17 296.88 581.50 292.73
00728 0.646769 24.12 440.81 28.40 426.00 0.27 417.87 -4.01 432.68
00728 0.524256 34.59 420.11 37.50 402.18 -0.97 395.94 -3.88 413.88
00729 0.836642 438.74 336.49 453.62 340.05 462.61 302.54 447.73 298.98
00729 0.835082 459.77 230.00 474.19 230.51 475.43 195.49 461.01 194.98
00730 0.842483 323.58 237.48 338.51 238.30 340.50 202.14 325.56 201.32
00730 0.762634 304.30 341.86 319.55 345.13 327.34 308.90 312.09 305.63
00731 0.861912 244.77 352.52 260.27 355.38 267.13 318.18 251.63 315.32
00731 0.839602 265.09 246.88 280.01 247.12 280.59 211.09 265.67 210.85
00732 0.881668 194.02 446.31 208.78 449.29 215.40 416.44 200.65 413.47
00732 0.607844 211.28 351.13 227.25 351.90 229.27 310.26 213.31 309.49
00733 0.880361 503.33 123.47 509.54 105.12 466.79 90.65 460.58 109.00
00733 0.845157 214.80 493.55 230.75 494.27 232.40 457.60 216.45 456.88
00734 0.897703 491.77 163.54 497.55 145.85 455.07 131.95 449.28 149.64
00735 0.849358 402.96 232.99 408.34 215.54 370.69 203.94 365.31 221.38
00736 0.867537 305.08 217.64 311.26 201.84 267.29 184.65 261.11 200.45
00736 0.829675 477.89 294.64 482.93 280.90 449.50 268.63 444.46 282.37
00737 0.852348 408.56 314.55 414.55 295.89 374.39 282.98 368.39 301.65
00738 0.920395 415.60 422.51 421.25 403.27 377.21 390.33 371.55 409.57
00739 0.813622 338.57 25.79 344.02 9.36 306.78 -2.99 301.34 13.45
00739 0.801301 279.86 40.84 286.05 24.94 243.57 8.41 237.39 24.31
00739 0.634256 331.74 64.86 336.84 50.83 301.79 38.08 296.68 52.12
00740 0.775960 338.62 206.15 343.62 192.03 308.80 179.70 303.80 193.81
00740 0.721459 270.30 216.03 275.27 201.41 235.01 187.71 230.03 202.33
00740 0.609077 153.57 185.89 154.35 171.08 120.66 169.32 119.89 184.13
00741 0.873935 130.15 234.21 132.21 220.77 100.27 215.89 98.22 229.33
00741 0.657884 354.41 258.96 359.93 243.42 324.32 230.75 318.80 246.29
00741 0.605882 347.69 298.56 353.37 284.21 319.74 270.90 314.06 285.25
00742 0.801448 358.40 100.33 363.45 84.87 326.82 72.90 321.77 88.36
00742 0.569788 95.28 67.18 98.65 53.98 68.68 46.33 65.31 59.54
00743 0.901243 526.18 71.84 519.63 55.33 479.39 71.31 485.94 87.82
00743 0.788841 36.09 248.13 50.91 248.68 52.08 217.49 37.26 216.94
00743 0.784252 569.76 93.62 575.65 77.23 537.28 63.44 531.39 79.84
00743 0.468749 238.21 40.09 243.10 25.79 209.31 14.23 204.42 28.53
00743 0.426184 575.15 106.72 589.02 110.10 597.75 74.27 583.88 70.89
00744 0.866051 71.09 306.19 85.22 306.72 86.45 273.28 72.33 272.76
00744 0.832068 602.04 150.08 607.93 133.48 570.02 120.04 564.13 136.63
00744 0.830225 539.51 111.09 556.53 114.00 563.67 72.29 546.65 69.38
00744 0.711261 45.13 47.87 50.58 31.52 11.63 18.53 6.18 34.88
00744 0.624158 227.38 79.73 234.11 64.98 203.31 50.93 196.58 65.68
00744 0.530669 1.79 368.01 16.18 371.58 23.63 341.56 9.24 337.99
00744 0.492655 74.70 36.46 78.22 19.54 39.93 11.57 36.41 28.49
00745 0.819816 569.15 205.70 574.81 189.89 536.98 176.33 531.32 192.14
00745 0.747256 41.28 93.77 44.30 76.18 8.84 70.08 5.82 87.67
00745 0.620997 508.37 156.62 525.30 158.13 528.91 117.81 511.98 116.29
00745 0.569849 36.37 363.04 50.56 363.46 51.48 332.39 37.28 331.97
00746 0.904551 373.57 214.43 389.18 215.87 392.90 175.56 377.30 174.12
00746 0.833736 36.83 184.96 41.42 170.46 6.12 159.29 1.53 173.79
00746 0.820482 433.50 263.00 439.06 247.46 402.65 234.43 397.09 249.97
00747 0.866664 466.25 492.24 471.79 478.76 438.63 465.15 433.10 478.62
00748 0.942529 273.88 313.17 290.04 314.70 294.01 272.97 277.84 271.43
00748 0.667000 334.85 361.62 339.84 345.92 302.65 334.11 297.66 349.81
00748 0.608657 324.80 400.62 330.84 386.49 297.48 372.25 291.44 386.38
00749 0.909910 293.43 430.66 309.82 431.91 313.15 388.60 296.75 387.34
00749 0.809781 354.58 480.78 360.61 463.54 321.70 449.93 315.67 467.18
00750 0.464815 32.80 127.15 35.92 112.50 7.90 106.53 4.78 121.17
00751 0.889539 204.86 302.87 208.10 287.36 173.55 280.14 170.31 295.65
00752 0.869734 390.23 363.61 393.74 348.30 354.35 339.28 350.85 354.59
00752 0.778655 607.58 351.26 612.93 335.78 578.29 323.81 572.93 339.29
00752 0.482323 396.91 319.03 401.09 305.08 368.65 295.36 364.47 309.31
00752 0.307125 338.63 19.05 348.97 23.54 358.58 1.37 348.24 -3.11
00753 0.916205 395.57 480.39 398.97 464.82 359.46 456.20 356.07 471.77
00753 0.753412 330.74 90.21 333.16 75.85 304.53 71.03 302.12 85.39
00753 0.593572 623.11 495.21 629.15 480.35 598.42 467.86 592.37 482.72
00753 0.520085 344.15 43.06 350.63 28.96 316.87 13.43 310.39 27.54
00753 0.375955 618.31 467.17 623.59 452.03 586.24 439.02 580.97 454.17
00753 0.301045 345.49 130.26 356.39 134.72 366.62 109.72 355.72 105.26
00754 0.813103 281.67 502.10 286.13 489.51 256.49 479.01 252.03 491.60
00755 0.680196 66.68 314.47 79.11 319.24 90.33 290.02 77.90 285.25
00756 0.386599 49.75 444.15 54.02 429.27 20.65 419.69 16.38 434.58
00764 0.623605 600.90 35.35 605.13 25.79 586.44 17.53 582.22 27.08
00778 0.466795 342.12 28.84 348.36 30.06 350.94 16.84 344.71 15.62
00778 0.391919 351.26 29.78 358.42 30.99 360.69 17.60 353.53 16.39
00787 0.668967 539.21 492.61 545.81 497.69 555.54 485.04 548.94 479.96
00788 0.460726 604.63 350.73 611.86 353.32 616.29 340.99 609.07 338.39
00788 0.420058 249.92 264.56 247.99 257.22 232.11 261.40 234.04 268.73
00791 0.602773 118.97 415.36 119.76 407.11 102.95 405.49 102.15 413.73
00792 0.410753 159.74 194.24 153.47 182.06 128.84 194.71 135.10 206.90
00792 0.310227 56.28 38.71 50.83 27.06 28.30 37.61 33.75 49.26
00795 0.721899 239.29 293.88 250.46 298.53 261.90 271.07 250.72 266.42
00795 0.414839 295.76 313.32 304.88 315.88 310.71 295.12 301.58 292.56
00796 0.707044 310.84 479.46 321.79 475.57 312.63 449.74 301.68 453.63
00796 0.556574 616.89 114.24 626.14 112.41 621.96 91.21 612.70 93.03
00797 0.441752 80.60 184.29 88.35 176.79 69.34 157.15 61.59 164.66
00797 0.321979 496.33 501.52 502.84 494.34 488.06 480.96 481.56 488.14
00799 0.404647 64.60 20.16 70.11 12.73 54.51 1.16 49.00 8.59
00803 0.454842 55.01 140.47 49.59 128.30 26.76 138.47 32.19 150.64
00809 0.627659 311.01 154.61 316.40 146.74 297.88 134.04 292.48 141.92
00809 0.328963 307.68 166.40 312.47 158.58 295.52 148.19 290.73 156.02
00810 0.372885 315.73 213.60 321.09 205.74 303.27 193.60 297.91 201.47
00811 0.575395 69.21 219.09 65.86 207.59 40.89 214.85 44.23 226.35
00812 0.520116 372.09 76.74 381.79 73.40 375.02 53.73 365.32 57.07
00812 0.440057 445.95 40.70 456.02 38.00 451.07 19.55 441.01 22.24
00813 0.865256 532.39 414.38 533.60 403.30 506.49 400.33 505.27 411.41
00813 0.708058 462.49 315.56 470.28 321.63 483.17 305.09 475.37 299.02
00813 0.371542 534.70 354.96 542.58 361.10 554.80 345.42 546.92 339.28
00813 0.342164 504.90 378.01 517.55 383.99 530.35 356.96 517.70 350.97
00815 0.530121 156.24 223.90 160.18 213.09 137.38 204.77 133.43 215.57
00815 0.447885 84.83 339.62 87.79 328.79 67.91 323.35 64.95 334.17
00815 0.378001 93.68 327.34 97.52 315.59 76.88 308.84 73.04 320.58
00815 0.322920 100.98 312.16 104.79 300.44 84.39 293.80 80.57 305.52
00816 0.357711 159.13 428.96 163.44 418.22 142.82 409.95 138.51 420.69
00818 0.779983 157.34 80.39 158.88 65.16 124.50 61.69 122.96 76.92
00818 0.741245 358.36 28.68 360.04 10.75 322.67 7.25 320.99 25.18
00818 0.571494 390.27 273.03 401.06 272.81 400.60 249.35 389.80 249.56
00819 0.679428 452.23 215.29 469.92 217.49 474.85 177.77 457.16 175.57
00819 0.352140 470.48 511.33 484.60 513.02 487.80 486.26 473.68 484.57
00820 0.577878 505.17 431.38 518.49 431.86 519.54 402.55 506.22 402.07
00820 0.375922 490.65 427.39 503.65 428.53 506.03 401.47 493.03 400.32
00820 0.372299 425.37 74.95 437.11 75.73 439.19 44.27 427.45 43.50
00820 0.343254 468.72 354.72 484.45 355.93 487.07 321.69 471.34 320.49
00821 0.640973 535.37 284.14 548.81 284.91 550.64 253.00 537.20 252.23
00821 0.401833 513.91 511.50 529.57 511.76 529.98 486.36 514.32 486.11
00822 0.812617 453.19 208.85 467.89 210.40 471.54 175.87 456.83 174.32
00822 0.634566 563.79 150.08 579.77 151.38 582.39 119.09 566.41 117.79
00822 0.444783 532.97 466.91 547.81 467.79 550.05 430.07 535.22 429.19
00823 0.677833 606.38 43.89 620.72 44.64 622.46 11.30 608.12 10.55
00823 0.555606 464.07 361.78 479.70 363.72 483.65 331.88 468.02 329.94
00823 0.459310 531.01 260.77 548.21 263.03 552.18 232.76 534.98 230.50
00823 0.331724 560.70 414.18 577.04 414.63 578.08 376.66 561.74 376.22
00824 0.679503 518.83 259.37 533.93 261.14 538.01 226.18 522.91 224.42
00824 0.415593 494.37 311.83 505.08 313.17 508.82 283.21 498.11 281.88
00824 0.415464 455.72 186.92 456.60 172.69 426.89 170.85 426.00 185.07
00825 0.457111 615.70 270.02 631.06 271.09 633.54 235.56 618.19 234.49
00828 0.473808 532.58 442.76 547.65 442.31 546.68 410.01 531.61 410.46
00829 0.830384 550.46 70.94 551.38 54.91 510.65 52.58 509.73 68.61
00829 0.655159 259.51 91.52 260.54 77.18 226.30 74.72 225.27 89.06
00829 0.634049 252.64 15.05 254.36 0.64 219.33 -3.54 217.61 10.87
00829 0.589430 389.58 273.38 400.58 273.56 400.99 248.04 389.99 247.86
00830 0.429425 535.48 484.89 534.76 449.70 520.23 450.00 520.96 485.18
00830 0.320798 507.06 214.96 521.71 214.85 521.42 175.39 506.77 175.50
00831 0.391823 510.62 416.89 525.58 416.71 525.05 371.94 510.09 372.12
00832 0.705791 542.53 140.92 557.88 140.39 556.16 91.27 540.82 91.80
00833 0.592846 541.38 354.59 558.98 354.24 558.15 312.19 540.55 312.54
00833 0.424830 504.01 268.46 515.38 268.20 514.69 237.15 503.32 237.41
00836 0.728578 506.85 361.00 520.13 361.14 520.50 325.05 507.22 324.92
00838 0.511962 580.15 445.40 594.27 452.77 609.92 422.78 595.80 415.41
00838 0.465411 593.21 270.33 607.97 277.90 625.25 244.22 610.50 236.65
00839 0.640610 530.58 443.99 544.91 452.01 561.11 423.06 546.78 415.04
00840 0.761897 495.88 113.60 496.87 94.76 455.73 92.59 454.74 111.43
00840 0.753599 288.35 65.36 289.45 48.97 250.03 46.33 248.93 62.71
00840 0.524395 458.37 141.35 459.85 126.47 425.75 123.08 424.27 137.95
00840 0.502292 389.54 295.61 400.21 295.82 400.63 273.66 389.97 273.45
00840 0.317309 44.53 12.28 45.70 -0.14 7.56 -3.73 6.39 8.68
00865 0.453187 204.68 414.38 206.42 402.46 180.62 398.69 178.88 410.62
00866 0.412884 203.09 475.12 204.19 463.62 178.27 461.14 177.17 472.64
00866 0.326346 435.65 441.02 447.22 408.46 432.16 403.11 420.59 435.66
00867 0.387676 463.48 33.79 478.44 38.02 487.17 7.14 472.21 2.91
00896 0.764709 2.44 303.41 7.79 306.97 15.89 294.78 10.54 291.23
00896 0.598213 24.11 260.20 30.13 264.00 38.43 250.85 32.41 247.05
00896 0.572500 40.07 309.34 46.50 313.75 55.86 300.09 49.43 295.68
00896 0.333791 121.17 231.94 126.35 235.34 132.28 226.30 127.10 222.91
00898 0.584446 595.67 12.01 601.65 10.09 597.93 -1.48 591.95 0.45
00901 0.384030 255.17 258.09 262.01 258.82 263.61 243.86 256.77 243.13
00902 0.640046 550.98 129.85 557.61 128.19 553.86 113.24 547.23 114.90
00903 0.594940 603.26 351.84 610.91 350.52 608.10 334.33 600.46 335.65
00905 0.560981 498.23 27.62 503.47 25.58 499.29 14.85 494.06 16.88
00906 0.631591 524.45 167.90 530.74 165.83 526.59 153.25 520.30 155.33
00906 0.368899 376.81 107.52 382.77 104.34 375.73 91.10 369.76 94.28
00908 0.674120 583.86 336.19 590.44 333.58 584.47 318.51 577.89 321.12
00912 0.563763 279.71 106.91 287.96 106.87 287.86 85.29 279.61 85.33
00913 0.677768 289.55 267.96 298.60 268.29 299.38 246.57 290.34 246.24
00913 0.655001 327.50 268.40 336.05 268.13 335.38 246.98 326.84 247.25
00914 0.725815 342.64 458.80 352.09 458.04 350.26 435.19 340.80 435.95
00914 0.471093 301.08 460.13 311.00 460.30 311.42 435.24 301.50 435.07
00914 0.391788 309.04 384.62 316.51 382.09 310.99 365.77 303.52 368.29
00916 0.343129 319.65 112.57 326.36 111.80 324.16 92.74 317.45 93.52
00918 0.846306 519.16 481.69 525.31 485.44 533.58 471.90 527.43 468.14
00918 0.539597 298.56 391.17 292.36 382.93 274.08 396.71 280.29 404.94
00919 0.385315 337.63 334.17 345.77 333.42 343.80 312.13 335.66 312.88
00923 0.339427 394.57 9.34 400.74 8.77 399.90 -0.35 393.73 0.21
00924 0.386072 370.42 33.49 376.72 33.44 376.61 18.21 370.31 18.26
00925 0.703538 383.45 264.92 390.55 264.58 389.67 246.30 382.57 246.64
00925 0.646912 415.03 486.42 421.92 486.08 421.13 470.24 414.25 470.58
00925 0.590336 397.40 308.34 404.55 307.87 403.76 295.79 396.61 296.26
00926 0.689194 401.39 447.82 409.06 447.44 408.06 427.36 400.40 427.74
00927 0.671093 392.07 307.49 399.44 306.84 397.90 289.23 390.53 289.87
00930 0.586893 552.50 316.80 559.31 316.65 558.95 300.37 552.13 300.53
00930 0.381077 594.50 511.94 602.59 512.04 602.71 502.50 594.62 502.40
00935 0.424671 6.63 61.84 12.21 66.52 21.28 55.70 15.70 51.02
00936 0.598497 33.25 56.22 38.51 60.40 47.84 48.62 42.57 44.45
00936 0.493807 9.21 65.81 16.16 71.02 27.82 55.45 20.87 50.24
00937 0.897297 8.66 34.36 14.67 38.34 23.90 24.39 17.89 20.41
00937 0.867300 -0.25 61.75 5.91 65.55 14.10 52.28 7.94 48.48
00937 0.411213 7.86 68.24 13.43 72.29 21.84 60.74 16.27 56.69
00939 0.905018 247.69 252.68 246.16 244.55 229.15 247.74 230.67 255.87
00939 0.893783 348.42 188.33 346.52 180.85 329.36 185.20 331.26 192.67
00939 0.838029 514.01 149.78 512.11 142.67 497.23 146.64 499.13 153.75
00939 0.837577 261.92 217.90 259.99 209.97 242.30 214.27 244.23 222.20
00939 0.695988 367.52 205.13 366.46 197.99 352.08 200.12 353.14 207.26
00939 0.556858 31.98 271.00 29.73 261.68 10.45 266.34 12.70 275.65
00939 0.477978 255.99 208.92 253.69 201.98 237.65 207.28 239.95 214.23
00939 0.405963 108.20 253.86 106.73 247.17 90.77 250.68 92.24 257.37
00940 0.886879 421.74 184.42 419.30 176.42 403.24 181.31 405.68 189.31
00940 0.846060 164.72 233.27 161.82 225.51 146.55 231.22 149.45 238.98
00940 0.760372 529.14 128.61 527.14 121.44 513.70 125.18 515.70 132.36
00940 0.636008 356.83 174.04 353.86 167.49 340.22 173.68 343.19 180.23
00940 0.545614 241.93 198.49 240.06 191.88 227.05 195.57 228.93 202.18
00940 0.469363 321.50 168.24 318.56 161.94 304.70 168.41 307.64 174.71
00941 0.927029 637.23 212.41 636.76 204.58 620.28 205.57 620.76 213.41
00941 0.853087 198.08 226.14 197.02 218.09 180.79 220.24 181.86 228.29
00941 0.835193 270.88 237.65 270.74 230.84 256.59 231.12 256.72 237.93
00941 0.763347 387.59 211.21 386.60 203.72 372.32 205.61 373.32 213.10
00941 0.399672 -0.41 249.09 4.83 248.71 4.28 241.12 -0.96 241.50
00941 0.333730 566.97 222.71 566.48 216.22 552.65 217.27 553.14 223.76
00943 0.946431 617.81 280.52 619.20 274.13 603.93 270.80 602.54 277.19
00943 0.861313 45.22 135.19 46.36 127.43 29.68 124.97 28.53 132.73
00943 0.817168 130.83 47.06 137.07 49.08 141.25 36.23 135.00 34.21
00943 0.735892 541.41 287.11 543.51 279.99 527.32 275.21 525.22 282.33
00943 0.732481 166.64 172.70 168.19 165.95 156.14 163.19 154.59 169.94
00943 0.384567 156.84 100.14 162.99 102.09 166.60 90.71 160.45 88.76
00943 0.327388 22.36 169.25 23.87 162.54 7.89 158.94 6.38 165.65
00944 0.927519 288.73 412.50 291.89 405.45 277.13 398.85 273.97 405.89
00944 0.909803 320.06 425.01 323.04 417.97 308.45 411.79 305.46 418.83
00944 0.879444 435.89 437.16 438.80 430.32 423.88 423.98 420.97 430.82
00944 0.688086 103.11 439.50 109.81 443.99 118.99 430.28 112.30 425.79
00944 0.450989 230.78 373.22 234.03 365.55 217.03 358.36 213.78 366.03
00944 0.378751 266.96 264.23 272.87 267.07 278.08 256.24 272.18 253.40
00946 0.392010 231.64 457.37 237.35 458.09 238.85 446.27 233.14 445.55
00947 0.645678 276.33 384.84 283.70 386.14 286.50 370.26 279.13 368.96
00948 0.472519 305.65 262.77 313.01 263.11 313.67 248.76 306.31 248.42
00948 0.356228 214.26 77.03 214.10 70.16 199.78 70.51 199.95 77.38
00949 0.640541 213.08 499.61 219.77 500.06 220.77 485.30 214.08 484.84
00949 0.301409 258.66 169.22 265.91 168.80 265.13 155.37 257.88 155.79
00958 0.522498 334.67 166.43 327.51 154.04 306.33 166.28 313.49 178.67
00977 0.871004 131.73 429.02 146.33 432.58 153.00 405.22 138.40 401.66
00978 0.885610 147.62 403.05 162.02 405.10 165.68 379.37 151.28 377.32
00983 0.796316 222.76 52.26 231.26 47.99 223.94 33.41 215.44 37.68
00984 0.764694 274.97 197.30 287.48 192.41 278.75 170.09 266.24 174.98
00984 0.494992 303.53 156.32 314.56 151.84 308.38 136.61 297.35 141.09
00985 0.468272 226.49 117.64 237.60 114.57 233.40 99.37 222.29 102.44
00985 0.444830 297.06 248.06 306.88 242.72 298.74 227.80 288.93 233.15
00988 0.799284 437.63 351.80 453.74 359.21 465.91 332.76 449.80 325.35
00992 0.376906 630.75 252.98 626.53 243.50 607.02 252.19 611.24 261.67
00999 0.521562 576.07 313.59 594.62 321.05 612.65 276.22 594.09 268.76
01000 0.390716 511.64 290.99 528.68 297.02 540.48 263.72 523.45 257.68
01001 0.500221 529.59 513.54 530.28 506.01 506.30 503.79 505.60 511.33
01002 0.816868 166.64 119.52 181.24 132.06 208.28 100.58 193.68 88.04
01003 0.686877 138.48 280.93 154.16 293.73 183.60 257.66 167.92 244.86
01003 0.685881 561.45 146.83 577.18 139.65 562.80 108.15 547.07 115.33
01004 0.914296 114.92 468.51 132.66 480.99 163.92 436.56 146.18 424.08
01004 0.391922 570.37 294.36 588.02 285.99 569.58 247.15 551.93 255.53
01006 0.905824 112.88 100.03 114.89 82.25 83.81 78.73 81.80 96.51
01006 0.865528 154.08 107.84 157.98 88.29 121.32 80.98 117.42 100.53
01006 0.302587 145.16 77.03 152.45 60.49 119.28 45.87 111.99 62.41
01008 0.900335 116.01 323.16 119.29 304.19 83.51 298.00 80.23 316.97
01009 0.936058 97.21 505.30 100.24 486.25 62.35 480.22 59.32 499.27
01009 0.729530 146.36 513.23 149.86 494.64 107.95 486.74 104.44 505.33
01011 0.500042 212.65 182.50 229.07 181.94 227.76 143.45 211.34 144.01
01012 0.926188 88.26 75.38 104.99 75.12 104.42 38.05 87.68 38.30
01012 0.421175 210.81 511.59 228.68 510.61 226.10 463.76 208.22 464.75
01013 0.878024 74.05 192.91 91.98 192.55 91.18 152.27 73.24 152.63
01014 0.903077 64.10 258.49 82.87 258.47 82.83 216.07 64.05 216.09
01014 0.765903 281.78 89.29 297.08 88.35 294.89 52.78 279.58 53.72
01015 0.922281 55.53 330.14 75.22 330.30 75.60 284.99 55.91 284.82
01015 0.879537 290.83 253.86 307.28 252.82 304.72 212.05 288.27 213.08
01016 0.925470 40.58 471.85 61.23 471.73 60.92 422.52 40.28 422.64
01022 0.835817 311.98 434.07 332.76 436.92 340.17 382.84 319.39 379.99
01024 0.902516 320.73 232.17 340.87 231.05 338.45 187.74 318.31 188.86
01036 0.878483 405.15 122.73 420.67 121.96 419.08 89.81 403.56 90.57
01037 0.786905 411.15 243.66 428.00 242.91 426.40 207.11 409.54 207.87
01038 0.874111 461.84 264.29 478.60 262.66 475.27 228.33 458.50 229.96
01039 0.875218 271.57 108.30 285.58 107.20 283.17 76.57 269.16 77.68
01040 0.829788 441.85 211.04 458.87 209.36 455.49 175.01 438.47 176.68
01041 0.883055 411.39 156.13 427.34 151.79 418.42 118.99 402.47 123.32
01042 0.816728 425.88 101.99 442.57 96.72 432.62 65.20 415.93 70.47
01043 0.432389 236.59 325.05 255.42 320.57 245.32 278.12 226.48 282.61
01047 0.831765 244.06 133.20 252.98 115.24 216.58 97.15 207.65 115.11
01048 0.915769 527.31 204.13 535.19 182.34 497.24 168.60 489.36 190.40
01051 0.866293 36.67 19.82 37.29 1.19 0.35 -0.04 -0.27 18.60
01051 0.360689 73.40 126.05 76.43 96.30 24.67 91.02 21.63 120.77
01063 0.363834 496.68 340.65 499.68 320.46 456.66 314.07 453.66 334.26
01071 0.661269 429.12 94.91 443.54 80.42 416.54 53.54 402.12 68.04
01073 0.568186 445.83 184.59 460.28 170.85 433.24 142.42 418.79 156.17
01074 0.802972 165.46 282.34 172.72 262.81 132.25 247.77 124.99 267.30
01084 0.892659 135.83 268.92 147.67 250.51 111.73 227.40 99.89 245.80
01084 0.866971 640.43 114.97 629.60 102.10 605.63 122.28 616.46 135.14
01084 0.654844 165.81 231.98 176.07 216.26 142.87 194.60 132.62 210.32
01085 0.926812 340.68 375.51 359.34 363.50 333.28 323.01 314.63 335.01
01085 0.806331 383.16 349.29 400.40 338.22 377.27 302.20 360.03 313.26
01085 0.410460 362.71 361.85 378.13 351.49 355.61 317.97 340.19 328.33
01086 0.823219 336.78 522.54 354.98 510.55 333.36 477.71 315.15 489.70
01086 0.732453 365.20 518.51 382.31 507.33 356.50 467.85 339.40 479.04
01086 0.424613 388.94 505.64 406.61 494.76 380.28 451.96 362.60 462.84
01088 0.851290 580.26 73.30 597.63 82.42 621.19 37.50 603.81 28.38
01088 0.469910 466.12 93.52 473.20 81.97 447.90 66.44 440.81 77.99
01089 0.739506 272.79 206.64 277.29 192.11 245.47 182.26 240.97 196.78
01089 0.488175 384.81 148.65 404.58 151.91 413.02 100.72 393.25 97.46
01090 0.864753 459.15 111.25 474.83 103.45 459.86 73.35 444.19 81.14
01090 0.686460 123.90 284.25 145.16 279.96 134.26 225.91 113.00 230.20
01091 0.858245 332.24 150.74 346.85 140.58 326.18 110.84 311.57 121.00
01091 0.809736 19.15 401.57 41.13 391.97 17.17 337.12 -4.81 346.72
01092 0.746956 31.80 406.15 41.45 388.49 4.79 368.47 -4.86 386.13
01097 0.823379 409.93 66.44 401.42 51.28 375.03 66.09 383.55 81.25
01098 0.846462 432.05 140.09 423.72 125.70 397.17 141.07 405.50 155.46
01098 0.607989 605.52 156.62 618.22 144.79 591.37 115.97 578.67 127.81
01098 0.361763 82.90 376.50 98.09 367.64 74.98 327.98 59.78 336.83
01099 0.858045 611.46 279.42 606.29 262.53 573.51 272.55 578.67 289.45
01099 0.737062 183.41 515.93 203.10 510.51 195.84 484.16 176.16 489.58
01099 0.559494 574.80 292.28 569.58 273.28 528.97 284.42 534.18 303.42
01104 0.640042 350.64 149.76 363.82 153.92 374.21 121.05 361.03 116.88
01104 0.618493 110.81 17.94 124.14 25.56 138.65 0.17 125.32 -7.45
01104 0.526693 397.49 239.93 400.45 220.75 365.83 215.40 362.87 234.58
01115 0.876662 98.91 405.34 116.33 414.06 135.74 375.30 118.32 366.58
01117 0.722154 126.68 300.84 140.70 288.20 112.68 257.11 98.66 269.75
01129 0.654369 422.54 202.19 430.45 209.77 447.50 191.98 439.59 184.40
01129 0.311277 84.65 173.60 84.70 164.55 64.98 164.43 64.93 173.48
01130 0.629787 305.16 194.49 313.77 201.00 328.66 181.28 320.05 174.77
01130 0.437901 377.90 98.47 386.36 104.44 399.93 85.21 391.47 79.24
01131 0.763303 217.13 199.72 227.51 204.89 238.72 182.36 228.33 177.19
01131 0.353836 29.35 122.18 37.59 129.16 49.36 115.28 41.13 108.29
01131 0.315938 281.13 96.55 290.82 101.15 300.70 80.36 291.01 75.76
01132 0.674625 196.97 230.70 207.87 236.28 220.46 211.67 209.56 206.09
01132 0.451428 271.61 117.90 280.58 98.29 271.39 94.08 262.42 113.69
01133 0.631989 223.61 154.48 233.90 158.88 243.33 136.83 233.04 132.42
01133 0.548637 158.53 291.04 169.90 295.96 182.08 267.80 170.70 262.88
01134 0.672993 122.04 365.87 133.72 369.49 142.85 340.08 131.17 336.46
01134 0.412157 144.71 342.46 154.96 344.58 158.95 325.33 148.71 323.20
01134 0.300489 0.02 130.05 6.85 134.06 15.19 119.88 8.36 115.87
01135 0.515704 223.46 444.50 225.36 430.17 190.56 425.56 188.66 439.88
01135 0.416802 116.86 445.56 130.19 449.56 140.24 416.03 126.91 412.03
01135 0.374780 250.83 142.35 258.69 138.70 251.70 123.63 243.84 127.28
01136 0.451958 206.79 191.34 214.89 187.13 206.73 171.41 198.63 175.61
01137 0.549445 283.46 210.37 291.36 214.13 298.43 199.26 290.54 195.50
01137 0.364200 283.94 199.78 291.87 196.56 285.10 179.88 277.18 183.10
01138 0.328608 292.10 220.54 300.57 216.73 292.84 199.57 284.37 203.39
01139 0.540242 357.05 282.93 365.58 288.54 376.66 271.68 368.13 266.08
01140 0.505565 382.62 352.89 391.46 358.81 403.22 341.24 394.38 335.32
01140 0.425790 385.96 337.38 395.79 333.67 388.06 313.18 378.23 316.89
01140 0.320223 225.52 137.22 232.04 142.86 242.81 130.40 236.29 124.77
01141 0.374016 472.17 371.89 483.31 370.87 481.24 348.31 470.10 349.33
01141 0.340216 471.39 385.72 480.31 392.82 494.83 374.58 485.90 367.48
01141 0.335599 488.55 386.46 481.93 376.12 463.76 387.77 470.38 398.10
01142 0.764159 608.48 428.02 601.72 417.73 580.99 431.35 587.75 441.64
01142 0.312379 590.75 416.07 601.32 417.02 603.38 394.19 592.81 393.24
01143 0.372522 165.14 377.48 160.08 363.78 132.31 374.03 137.37 387.73
01145 0.729935 54.76 317.22 63.22 311.75 50.08 291.46 41.62 296.94
01145 0.652315 352.98 353.36 352.92 337.88 322.85 337.99 322.91 353.47
01146 0.536577 108.32 297.94 117.42 293.26 106.71 272.46 97.62 277.14
01146 0.523838 541.12 366.34 541.84 357.46 523.79 356.00 523.07 364.88
01146 0.451001 404.79 365.08 405.58 349.73 376.94 348.24 376.14 363.60
01147 0.519619 557.41 435.97 557.58 426.72 538.52 426.37 538.35 435.62
01148 0.475758 84.42 436.18 94.01 431.69 82.28 406.64 72.68 411.13
01150 0.438687 207.61 506.86 220.60 511.27 231.96 477.79 218.97 473.38
01153 0.628512 441.96 515.66 451.72 508.20 435.27 486.68 425.51 494.14
01154 0.553513 80.40 365.13 88.69 355.70 68.01 337.54 59.73 346.97
01154 0.378916 638.23 245.52 632.09 236.39 613.59 248.83 619.73 257.96
01155 0.566986 208.19 374.44 218.48 366.24 200.27 343.36 189.97 351.55
01156 0.610556 348.72 409.12 360.13 403.04 346.32 377.13 334.91 383.21
01160 0.393251 295.93 207.87 295.77 199.18 278.86 199.48 279.01 208.17
01161 0.602458 46.51 468.45 59.46 466.06 53.62 434.42 40.67 436.81
01161 0.370077 33.37 472.60 45.33 470.27 39.15 438.39 27.18 440.72
01162 0.367355 399.70 313.20 400.28 301.73 376.90 300.54 376.32 312.01
01162 0.317823 384.36 201.41 394.34 201.36 394.25 184.71 384.27 184.77
01164 0.481293 451.38 446.47 451.45 433.44 425.92 433.31 425.85 446.34
01164 0.381518 422.61 300.17 433.49 299.99 433.11 277.44 422.23 277.63
01164 0.359918 453.35 502.31 452.67 488.74 427.66 490.02 428.35 503.58
01166 0.334269 259.40 387.39 268.22 381.70 255.79 362.43 246.97 368.11
01166 0.325226 394.76 397.44 404.18 396.60 402.23 374.73 392.81 375.57
01167 0.656268 345.69 516.78 355.50 511.87 348.38 497.65 338.57 502.56
01167 0.618261 360.94 512.34 371.54 507.87 361.62 484.34 351.02 488.81
01167 0.356705 432.57 207.38 433.20 197.30 412.81 196.03 412.18 206.11
01177 0.433518 211.12 482.89 217.63 473.81 197.47 459.34 190.96 468.42
01178 0.379188 334.58 503.94 344.00 497.36 329.15 476.13 319.73 482.71
01179 0.512856 535.74 147.73 538.96 139.27 519.30 131.80 516.08 140.26
01179 0.351235 542.34 141.69 545.85 133.04 526.44 125.18 522.94 133.83
01180 0.351486 393.36 199.91 392.68 191.06 374.28 192.47 374.95 201.32
01181 0.457038 281.93 123.46 284.41 114.97 264.56 109.15 262.07 117.65
01181 0.404442 621.14 228.03 615.83 219.57 596.39 231.78 601.71 240.24
01181 0.338188 59.97 148.11 59.35 138.55 37.55 139.96 38.17 149.53
01182 0.725900 360.91 236.83 371.09 244.44 387.62 222.32 377.45 214.72
01182 0.566860 444.50 130.43 452.29 136.51 465.96 119.01 458.17 112.93
01183 0.559335 184.73 311.14 197.06 315.21 206.27 287.28 193.95 283.21
01191 0.312816 302.53 99.90 308.40 95.11 297.78 82.10 291.91 86.90
01192 0.764309 411.45 178.42 419.73 174.05 410.17 155.94 401.89 160.31
01192 0.649199 428.23 165.41 436.34 160.65 426.05 143.11 417.94 147.87
01192 0.428993 419.57 169.13 426.82 164.96 416.95 147.81 409.70 151.98
01192 0.344895 396.09 183.73 403.77 180.45 396.45 163.31 388.76 166.59
01193 0.807431 375.14 218.05 383.28 212.34 369.81 193.13 361.67 198.84
01193 0.794509 356.25 234.59 364.73 229.75 353.43 209.96 344.95 214.81
01193 0.687099 363.14 220.95 370.70 216.35 360.74 200.00 353.18 204.60
01193 0.490749 372.92 238.26 380.99 233.17 370.34 216.25 362.26 221.33
01194 0.824121 371.88 277.50 379.97 273.10 368.60 252.16 360.51 256.55
01194 0.797822 379.36 263.50 387.23 258.43 376.01 241.03 368.15 246.10
01194 0.647967 391.26 258.09 399.15 252.41 386.04 234.21 378.15 239.89
01194 0.635206 390.61 282.67 398.13 277.86 386.65 259.91 379.13 264.71
01195 0.859980 527.61 322.53 536.49 319.21 528.51 297.86 519.63 301.18
01195 0.846149 539.83 319.99 549.44 316.22 540.38 293.12 530.77 296.89
01195 0.806439 517.31 335.25 526.30 332.35 518.84 309.21 509.86 312.11
01195 0.654558 535.52 345.01 544.09 341.58 535.98 321.30 527.40 324.73
01206 0.328828 282.96 453.19 279.24 443.29 258.62 451.05 262.34 460.95
01208 0.408484 445.08 479.66 440.13 471.51 423.69 481.50 428.63 489.65
01208 0.337181 437.79 469.50 433.04 461.20 416.11 470.89 420.86 479.20
01209 0.351211 140.98 203.53 148.70 202.93 147.74 190.50 140.02 191.10
01210 0.461053 583.73 381.90 592.02 375.80 580.26 359.81 571.97 365.91
01211 0.592847 112.81 264.16 121.69 262.95 119.61 247.81 110.73 249.03
01212 0.563493 93.20 302.18 102.89 301.22 101.24 284.63 91.56 285.59
01229 0.545371 62.20 380.41 73.68 378.05 68.45 352.58 56.97 354.94
01229 0.313359 89.00 372.31 83.99 345.87 72.34 348.07 77.35 374.52
01229 0.304891 86.24 423.98 97.15 416.50 80.80 392.65 69.89 400.12
01230 0.804609 64.73 488.53 75.55 480.70 56.96 455.00 46.14 462.83
01230 0.673230 126.18 471.43 116.46 459.61 91.64 480.01 101.35 491.83
01230 0.536918 37.02 437.01 49.17 434.98 44.39 406.32 32.24 408.35
01243 0.470163 592.37 372.89 603.00 366.67 592.44 348.63 581.81 354.85
01244 0.525331 483.01 386.22 493.24 380.27 482.08 361.05 471.85 367.00
01245 0.625543 344.06 410.50 354.43 400.30 336.21 381.77 325.83 391.97
01246 0.385423 340.00 455.58 351.74 446.23 333.71 423.59 321.97 432.94
01251 0.751048 102.34 241.14 109.40 243.45 113.58 230.71 106.51 228.39
01251 0.385637 90.99 225.98 87.78 219.64 75.92 225.65 79.13 231.99
01252 0.751020 85.56 273.10 93.38 275.42 97.70 260.88 89.87 258.56
01252 0.699282 215.24 304.00 219.80 294.73 201.73 285.82 197.16 295.09
01252 0.545633 74.03 255.37 70.49 248.41 57.67 254.94 61.21 261.90
01253 0.791956 65.08 310.11 72.75 312.90 78.30 297.64 70.62 294.84
01253 0.691975 54.49 289.20 50.13 281.96 36.02 290.46 40.37 297.69
01253 0.405459 203.78 347.56 210.00 337.35 190.16 325.26 183.94 335.47
01254 0.795835 43.31 354.66 52.45 357.14 57.28 339.29 48.13 336.82
01254 0.713755 191.61 397.64 198.24 387.34 177.67 374.11 171.04 384.41
01254 0.703565 29.79 328.53 25.20 321.68 11.89 330.61 16.49 337.46
01255 0.764742 17.80 403.71 27.30 406.90 33.59 388.16 24.08 384.97
01264 0.478381 240.44 202.90 235.33 196.53 222.71 206.66 227.83 213.03
01265 0.428300 84.71 157.27 91.27 156.04 89.21 144.95 82.64 146.18
01265 0.362438 54.21 131.30 50.40 124.94 38.83 131.88 42.64 138.24
01265 0.323227 230.55 234.24 225.57 227.12 210.44 237.70 215.42 244.82
01266 0.687960 311.02 270.34 305.69 263.14 289.71 274.97 295.04 282.17
01266 0.581986 259.87 191.78 260.09 183.70 243.52 183.26 243.30 191.33
01266 0.524970 160.98 172.44 167.95 171.24 165.79 158.62 158.81 159.81
01266 0.361789 236.89 187.61 237.70 179.52 220.40 177.79 219.60 185.88
01266 0.310404 129.62 141.33 127.55 134.27 113.73 138.33 115.80 145.39
01267 0.605478 279.27 195.69 286.27 195.08 285.00 180.58 278.00 181.20
01267 0.369341 250.95 184.27 257.55 183.07 255.71 172.93 249.11 174.12
01268 0.592922 388.55 262.76 389.19 252.85 369.33 251.57 368.70 261.48
01268 0.544139 274.91 225.64 283.83 225.09 282.73 207.31 273.81 207.86
01268 0.506321 441.98 374.90 435.20 365.66 415.46 380.14 422.24 389.38
01268 0.397584 246.23 179.37 244.62 169.77 223.80 173.27 225.41 182.87
01268 0.300436 244.86 210.60 253.21 209.45 251.28 195.41 242.93 196.56
01269 0.513038 236.75 207.70 235.94 198.13 216.60 199.77 217.41 209.34
01269 0.499425 247.15 243.17 245.93 227.73 236.58 228.46 237.80 243.90
01269 0.410242 453.77 437.92 446.68 427.94 424.10 443.99 431.20 453.97
01269 0.377409 393.02 303.30 394.32 294.64 374.61 291.68 373.31 300.34
01270 0.724029 398.49 357.30 399.82 345.67 375.99 342.95 374.66 354.58
01270 0.631770 229.05 238.08 226.82 228.09 205.12 232.95 207.35 242.94
01270 0.594612 320.97 313.28 314.09 305.46 300.96 317.03 307.84 324.85
01270 0.518003 228.75 282.23 238.19 281.25 236.65 266.38 227.21 267.36
01270 0.311082 220.60 229.34 218.04 220.01 198.98 225.23 201.54 234.56
01271 0.746372 404.08 420.18 405.53 407.42 378.10 404.30 376.65 417.06
01271 0.680590 218.03 328.78 227.87 327.68 226.14 312.23 216.30 313.33
01271 0.602931 319.50 366.23 311.84 358.25 296.66 372.81 304.32 380.79
01271 0.350751 217.74 277.64 216.37 267.01 193.71 269.92 195.07 280.55
01272 0.794034 205.50 382.34 215.58 381.16 213.65 364.68 203.56 365.86
01272 0.675219 205.70 320.90 203.06 308.70 178.24 314.06 180.88 326.27
01272 0.664158 408.02 497.87 411.38 483.29 382.12 476.54 378.76 491.13
01272 0.663935 314.44 429.92 306.41 421.71 290.87 436.90 298.89 445.11
01272 0.492492 194.54 305.80 191.45 295.92 170.64 302.44 173.74 312.32
01273 0.654986 310.23 446.79 309.58 424.83 297.29 425.19 297.94 447.15
01273 0.621917 309.31 373.14 308.80 360.70 282.75 361.78 283.26 374.21
01274 0.622787 305.81 442.41 305.62 431.10 278.41 431.56 278.60 442.87
01274 0.360475 90.06 142.04 92.65 133.10 73.50 127.55 70.90 136.49
01275 0.542335 295.46 487.96 293.00 475.74 263.88 481.61 266.34 493.83
01280 0.386882 72.29 107.22 70.41 100.68 55.19 105.06 57.07 111.60
01283 0.332324 513.80 157.34 513.69 147.82 493.28 148.05 493.39 157.57
01284 0.534034 416.09 287.13 415.26 275.98 391.39 277.77 392.23 288.92
01284 0.482636 108.94 353.61 107.41 343.24 83.72 346.74 85.26 357.11
01285 0.553172 103.32 354.22 101.75 343.64 78.70 347.06 80.26 357.64
01285 0.407104 408.03 288.45 407.25 276.78 385.43 278.24 386.21 289.90
01286 0.510326 152.47 79.62 157.15 61.65 127.65 53.96 122.96 71.93
01287 0.438552 419.61 252.13 415.51 241.76 393.83 250.35 397.93 260.72
01289 0.420981 254.70 50.25 256.61 40.36 236.51 36.48 234.60 46.38
01290 0.345478 210.10 60.81 210.58 50.81 189.76 49.81 189.28 59.81
01291 0.397790 628.58 399.59 635.92 399.50 635.70 382.36 628.36 382.45
01291 0.368231 176.84 75.13 176.55 65.07 155.75 65.67 156.04 75.74
01292 0.366313 331.67 224.22 341.49 224.16 341.38 203.65 331.56 203.70
01293 0.665605 327.85 226.63 337.45 224.68 333.24 203.98 323.65 205.93
01293 0.360073 111.63 153.23 108.18 142.82 84.26 150.75 87.72 161.16
01293 0.333764 105.17 128.87 101.69 119.80 83.20 126.88 86.68 135.95
01294 0.600426 338.13 225.89 347.36 223.21 341.53 203.16 332.31 205.84
01294 0.424313 97.40 150.18 92.82 141.53 75.01 150.96 79.59 159.61
01295 0.505800 342.15 223.09 350.87 218.93 341.66 199.64 332.94 203.80
01296 0.337835 353.06 214.23 360.54 208.65 347.84 191.66 340.36 197.24
01298 0.408314 594.79 469.37 597.20 454.57 568.74 449.94 566.33 464.73
01298 0.358530 639.17 276.02 644.06 263.73 622.95 255.33 618.06 267.63
01299 0.588964 609.06 296.68 610.19 285.06 589.09 283.01 587.96 294.63
01299 0.583578 618.05 224.38 619.45 212.49 597.30 209.89 595.90 221.78
01299 0.512100 620.36 416.67 620.07 403.88 594.16 404.47 594.45 417.26
01299 0.447227 43.22 364.32 54.58 365.64 57.62 339.46 46.25 338.15
01299 0.426019 616.85 38.68 621.79 34.31 611.56 22.74 606.62 27.11
01300 0.440152 597.04 257.29 596.25 245.00 574.87 246.37 575.65 258.66
01300 0.426600 588.63 186.44 588.58 172.69 564.95 172.78 565.00 186.52
01300 0.400924 426.18 227.33 424.60 211.50 391.11 214.84 392.69 230.67
01300 0.380255 422.66 211.52 421.71 197.38 390.78 199.46 391.74 213.61
01301 0.456137 273.84 304.32 272.00 289.41 236.74 293.78 238.59 308.68
01302 0.403341 268.15 281.67 264.44 270.36 233.47 280.53 237.19 291.84
01305 0.319735 216.07 259.19 221.29 246.80 193.81 235.22 188.59 247.62
01306 0.496357 210.31 281.21 213.03 267.19 180.00 260.79 177.28 274.80
01306 0.381583 44.13 252.51 47.13 240.25 18.14 233.16 15.14 245.42
01306 0.324804 82.13 260.47 83.92 248.90 57.44 244.81 55.66 256.39
01307 0.358602 73.19 303.23 73.79 292.69 49.49 291.31 48.89 301.84
01307 0.311091 211.56 304.34 212.07 289.98 178.09 288.78 177.59 303.13
01308 0.310129 225.47 326.41 224.27 311.76 190.62 314.50 191.81 329.15
01309 0.371815 103.95 407.42 100.23 395.64 73.72 404.01 77.45 415.80
01313 0.346034 307.88 24.78 321.78 24.54 321.37 0.46 307.47 0.70
01314 0.554453 286.66 97.21 299.51 97.27 299.60 75.70 286.75 75.65
01315 0.562982 309.44 130.06 323.59 131.01 325.12 108.35 310.97 107.39
01317 0.518432 35.11 154.24 28.01 146.44 11.96 161.03 19.06 168.83
01318 0.534517 435.23 229.19 424.45 217.85 401.11 240.05 411.89 251.38
01319 0.712911 138.77 100.70 135.51 91.78 115.81 98.98 119.07 107.90
01321 0.495718 462.76 328.78 458.34 311.57 425.15 320.08 429.57 337.29
01322 0.581198 444.90 348.73 442.99 330.48 410.37 333.90 412.28 352.15
01346 0.671556 350.00 148.16 347.28 138.14 325.48 144.05 328.19 154.07
01346 0.511591 307.04 83.70 316.76 80.45 310.56 61.90 300.84 65.15
01346 0.446972 354.25 157.95 351.19 148.77 329.81 155.89 332.87 165.08
01346 0.352867 264.60 47.67 274.48 46.39 271.89 26.24 262.00 27.51
01346 0.305059 214.58 7.91 223.61 14.07 232.11 1.62 223.08 -4.54
01347 0.667949 348.60 164.61 345.85 155.45 325.15 161.66 327.90 170.82
01347 0.490005 362.64 186.09 359.41 177.24 339.11 184.65 342.34 193.50
01347 0.369500 305.97 99.05 315.07 96.48 310.06 78.76 300.96 81.33
01347 0.364932 353.69 176.08 350.51 166.67 329.31 173.84 332.49 183.25
01347 0.324080 214.68 22.08 221.64 27.62 233.07 13.28 226.11 7.74
01348 0.651999 351.45 218.37 348.61 208.36 327.06 214.48 329.90 224.50
01348 0.487214 364.79 239.16 361.54 230.48 341.12 238.15 344.38 246.82
01348 0.359172 213.74 71.17 221.02 77.04 232.92 62.26 225.63 56.40
01348 0.318555 307.11 151.02 317.03 148.51 312.26 129.62 302.34 132.13
01349 0.691602 349.37 312.19 346.43 302.78 324.25 309.70 327.19 319.12
01349 0.463302 305.80 245.18 315.51 242.20 309.38 222.18 299.66 225.15
01349 0.436339 362.87 332.43 359.21 323.77 338.98 332.33 342.65 340.99
01349 0.421748 353.02 323.32 349.78 314.52 329.62 321.93 332.86 330.73
01349 0.393673 209.37 163.55 217.61 168.78 228.77 151.20 220.53 145.97
01350 0.666952 342.92 388.15 339.74 379.26 318.60 386.82 321.79 395.71
01350 0.629334 299.58 321.83 309.26 319.34 304.32 300.10 294.64 302.59
01350 0.536283 356.81 407.77 352.81 399.62 333.15 409.27 337.15 417.42
01350 0.476185 347.85 398.63 344.32 390.04 323.75 398.51 327.29 407.10
01350 0.341656 204.41 242.24 213.41 246.51 222.45 227.44 213.45 223.17
01351 0.622976 308.35 402.03 318.04 399.31 312.61 380.03 302.92 382.76
01351 0.558684 363.97 484.04 360.00 475.68 340.39 485.00 344.36 493.36
01351 0.470364 352.36 465.26 349.18 455.87 327.23 463.31 330.40 472.69
01351 0.445020 355.99 474.90 352.54 466.28 332.34 474.38 335.80 483.00
01352 0.497924 162.02 156.28 156.68 149.01 136.97 163.49 142.31 170.76
01352 0.407761 335.90 475.82 345.90 472.65 339.74 453.20 329.74 456.37
01352 0.367439 152.78 147.01 147.38 140.08 130.32 153.36 135.72 160.30
01353 0.381994 192.12 219.46 186.78 212.38 169.16 225.65 174.50 232.74
01376 0.513516 243.95 227.07 249.26 219.08 230.48 206.58 225.16 214.57
01380 0.570642 290.32 412.88 291.74 404.07 270.39 400.62 268.97 409.43
01380 0.513780 279.86 393.81 287.58 399.18 300.13 381.11 292.41 375.75
01380 0.305211 303.68 320.18 311.36 322.37 316.55 304.20 308.88 302.01
01383 0.462804 469.62 442.92 469.23 434.31 447.34 435.31 447.74 443.92
01383 0.310428 463.18 476.12 462.46 468.75 446.73 470.29 447.45 477.66
01385 0.337628 82.29 44.31 78.17 35.06 60.42 42.95 64.54 52.21
01388 0.420628 200.78 146.47 194.09 138.15 177.29 151.67 183.99 159.99
01401 0.351643 189.74 297.92 190.63 287.79 168.95 285.88 168.06 296.01
01413 0.355070 203.87 146.47 217.08 141.08 198.61 95.84 185.40 101.23
01414 0.447204 624.38 381.29 618.85 374.82 604.53 387.06 610.07 393.53
01415 0.396733 613.42 404.02 620.84 410.29 635.36 393.09 627.95 386.83
01416 0.462069 610.53 348.83 619.04 352.54 627.78 332.49 619.27 328.78
01417 0.349559 563.64 324.58 573.13 325.91 576.07 305.00 566.58 303.67
01419 0.593383 602.44 202.42 607.77 194.77 591.55 183.47 586.22 191.12
01420 0.692313 508.97 205.70 511.94 196.76 492.17 190.18 489.19 199.12
01420 0.568652 535.54 182.51 543.61 177.17 532.75 160.77 524.68 166.11
01421 0.709140 443.70 223.76 445.18 214.14 423.92 210.87 422.44 220.49
01421 0.465754 467.21 194.48 473.79 188.15 459.55 173.35 452.97 179.69
01422 0.726490 404.82 256.57 406.57 246.86 384.84 242.94 383.09 252.65
01422 0.450565 430.68 224.84 436.36 218.69 422.42 205.84 416.74 211.99
01423 0.561810 378.22 307.66 379.47 298.12 358.15 295.34 356.91 304.89
01423 0.444429 403.47 276.28 409.13 270.28 396.44 258.32 390.79 264.31
01424 0.734705 371.20 382.68 372.97 373.01 351.40 369.05 349.63 378.73
01424 0.652208 396.94 350.57 402.67 344.44 386.21 329.05 380.48 335.18
01425 0.728758 368.59 457.85 370.18 448.58 349.14 444.98 347.56 454.26
01425 0.652650 395.12 427.43 400.82 421.25 386.37 407.91 380.67 414.09
01426 0.604004 385.22 501.56 390.90 495.71 377.69 482.88 372.01 488.74
01432 0.362601 346.12 76.31 354.78 79.80 363.18 58.94 354.52 55.45
01434 0.382635 124.28 374.92 127.19 365.32 106.05 358.93 103.14 368.53
01435 0.713826 151.34 443.96 153.89 435.02 133.41 429.16 130.86 438.10
01435 0.302095 506.23 358.25 500.17 350.20 481.03 364.62 487.09 372.66
01437 0.323893 607.41 149.21 614.94 153.98 624.99 138.09 617.46 133.32
01450 0.493447 227.85 69.12 224.73 60.14 204.42 67.19 207.54 76.17
01463 0.406244 36.07 130.79 44.06 127.25 35.31 107.49 27.32 111.03
01464 0.674506 130.99 82.28 140.37 83.56 143.38 61.54 134.00 60.26
01465 0.571399 225.80 119.66 233.79 125.35 247.30 106.38 239.31 100.69
01499 0.419672 171.91 23.03 168.58 18.39 157.64 26.26 160.97 30.89
01500 0.353625 167.77 70.31 164.56 66.08 155.23 73.14 158.44 77.38
