00023 0.890342 233.61 295.86 251.66 283.92 213.51 226.24 195.46 238.17
00025 0.468562 222.62 521.69 240.76 510.81 212.50 463.72 194.36 474.60
00071 0.862014 236.62 128.73 257.16 137.37 284.15 73.20 263.61 64.56
00072 0.887640 123.04 400.44 143.35 409.34 171.62 344.82 151.31 335.92
00199 0.859486 593.13 256.39 583.12 222.89 467.89 257.32 477.90 290.82
00199 0.702510 441.31 252.16 433.86 223.24 330.16 249.94 337.61 278.87
00210 0.789225 180.37 97.66 199.43 82.12 156.07 28.93 137.01 44.47
00211 0.889801 189.29 113.46 208.87 98.14 166.93 44.52 147.35 59.84
00212 0.666429 239.48 177.70 260.07 163.32 216.13 100.41 195.53 114.79
00214 0.790997 141.68 83.16 160.59 82.89 159.48 6.45 140.56 6.73
00302 0.895185 99.84 292.76 118.76 293.71 121.50 239.08 102.57 238.13
00303 0.908394 494.71 75.83 507.09 51.69 438.53 16.52 426.15 40.66
00303 0.886589 81.64 464.12 101.50 464.51 102.65 404.97 82.80 404.58
00344 0.412070 155.73 491.24 183.23 481.85 156.18 402.59 128.67 411.98
00378 0.376694 338.14 359.35 330.01 340.41 273.66 364.60 281.79 383.54
00385 0.828249 235.54 402.41 255.08 399.26 243.40 326.94 223.85 330.10
00397 0.756834 466.46 32.30 487.72 31.85 487.05 -0.46 465.79 -0.02
00399 0.841665 337.25 58.02 352.21 58.83 354.33 19.17 339.37 18.37
00400 0.893631 311.43 83.78 328.19 85.08 331.64 40.46 314.88 39.17
00400 0.694653 315.17 394.49 336.19 396.94 345.20 319.67 324.18 317.22
00401 0.802137 309.81 121.73 327.83 122.45 329.81 73.35 311.78 72.62
00402 0.907593 307.80 164.22 324.46 165.16 327.03 119.33 310.38 118.39
00403 0.917904 303.63 226.52 323.25 227.01 324.60 173.53 304.98 173.03
00404 0.802908 300.02 300.91 321.59 301.06 322.03 238.61 300.46 238.46
00405 0.760234 519.25 505.85 539.63 516.32 564.92 467.10 544.53 456.63
00434 0.555665 93.89 431.16 80.00 412.03 36.28 443.75 50.16 462.89
00435 0.754557 168.87 484.09 154.23 465.45 113.99 497.06 128.63 515.70
00444 0.601051 36.98 23.33 33.81 11.62 0.00 20.76 3.17 32.46
00444 0.508113 45.41 33.16 42.20 22.30 9.08 32.09 12.29 42.95
00445 0.482468 17.04 250.43 36.96 240.45 3.20 173.06 -16.72 183.04
00446 0.383250 0.43 271.79 7.50 270.75 4.69 251.63 -2.37 252.67
00456 0.575874 350.70 129.13 361.77 111.50 301.02 73.36 289.95 90.99
00457 0.628408 357.39 167.37 369.69 148.19 303.94 106.06 291.65 125.24
00458 0.397308 168.86 90.61 180.81 75.37 144.96 47.27 133.01 62.51
00461 0.572416 88.73 348.37 107.90 345.05 99.49 296.36 80.31 299.67
00464 0.400627 107.12 370.86 123.56 367.24 113.91 323.39 97.47 327.01
00464 0.361057 406.16 510.26 404.10 493.61 352.79 499.95 354.85 516.60
00465 0.717637 105.75 158.82 126.50 153.46 113.26 102.23 92.51 107.60
00466 0.538761 136.33 274.39 158.34 268.60 143.11 210.74 121.10 216.53
00467 0.828407 646.22 262.84 639.86 235.63 582.02 249.15 588.38 276.36
00468 0.828619 618.04 273.17 612.05 245.02 537.83 260.81 543.82 288.97
00468 0.695904 116.50 376.41 136.42 372.23 125.41 319.69 105.49 323.86
00469 0.513641 180.48 375.07 199.78 372.64 192.70 316.40 173.40 318.83
00470 0.707815 499.94 353.90 499.29 329.11 419.63 331.21 420.29 356.01
00470 0.325742 188.53 402.96 209.83 400.62 203.14 339.70 181.83 342.04
00471 0.905213 478.24 459.26 473.40 429.13 384.13 443.45 388.97 473.58
00472 0.409919 588.77 35.67 584.72 -1.50 471.17 10.87 475.22 48.05
00482 0.587208 0.62 48.88 19.57 47.97 17.35 1.74 -1.61 2.65
00486 0.496893 559.81 333.47 575.45 329.24 564.77 289.84 549.13 294.08
00502 0.678084 325.95 16.98 341.19 22.07 348.47 0.24 333.24 -4.84
00503 0.824709 315.88 72.12 330.50 77.78 342.84 45.91 328.21 40.25
00504 0.881078 329.62 91.80 345.25 97.31 357.45 62.68 341.82 57.17
00504 0.365529 -20.96 366.09 5.14 379.25 39.59 310.95 13.49 297.79
00505 0.664983 334.33 91.55 350.22 96.94 362.09 61.95 346.20 56.56
00505 0.539893 327.75 475.58 351.43 477.40 357.66 396.64 333.97 394.82
00505 0.410098 303.24 199.61 319.45 203.46 328.39 165.79 312.19 161.94
00506 0.859620 334.98 409.05 358.06 410.96 364.12 337.76 341.04 335.85
00506 0.822291 333.41 92.08 349.75 97.37 361.24 61.90 344.90 56.61
00506 0.361276 302.73 199.66 318.89 203.55 327.87 166.30 311.70 162.41
00512 0.563566 539.58 523.13 558.06 503.80 523.64 470.89 505.16 490.21
00513 0.643560 566.27 515.04 584.58 494.58 536.44 451.48 518.13 471.93
00517 0.841435 593.66 468.94 613.81 475.14 630.34 421.38 610.20 415.19
00517 0.687532 621.55 484.78 640.05 486.30 644.62 430.80 626.12 429.27
00519 0.818268 477.24 377.02 497.99 381.76 509.23 332.54 488.48 327.80
00521 0.719458 582.37 385.58 601.11 381.52 592.47 341.65 573.73 345.71
00521 0.691344 138.30 237.94 143.72 218.43 100.69 206.46 95.26 225.97
00521 0.362134 377.08 366.23 394.98 367.49 397.91 325.79 380.00 324.54
00521 0.315240 350.22 363.66 370.07 365.00 373.33 316.79 353.49 315.45
00522 0.828871 465.52 359.71 483.08 353.00 468.59 315.08 451.03 321.79
00522 0.345265 236.21 366.37 257.20 365.36 254.83 316.16 233.84 317.17
00523 0.861456 157.89 377.76 178.38 375.58 173.11 326.09 152.61 328.28
00523 0.577337 185.37 374.13 202.83 372.36 198.35 328.29 180.89 330.07
00524 0.915510 107.38 387.81 126.63 384.35 117.84 335.48 98.60 338.93
00524 0.629400 637.73 55.76 655.37 41.38 631.97 12.67 614.33 27.05
00524 0.341372 133.50 382.86 151.38 379.90 144.40 337.68 126.52 340.63
00525 0.840519 595.77 83.57 589.78 62.57 535.75 77.98 541.74 98.98
00525 0.441126 -0.09 470.60 21.51 465.07 7.17 409.05 -14.43 414.58
00526 0.881083 494.87 99.23 486.85 78.00 436.62 96.98 444.64 118.21
00527 0.857920 474.71 127.17 464.86 105.55 414.62 128.43 424.47 150.05
00528 0.625279 405.04 158.99 395.01 139.50 344.32 165.59 354.35 185.08
00530 0.707125 354.29 183.93 342.34 165.19 292.53 196.95 304.47 215.69
00532 0.498505 182.59 219.28 169.09 202.26 120.54 240.76 134.04 257.79
00533 0.903889 119.89 303.88 103.79 285.76 52.66 331.16 68.76 349.29
00533 0.658283 103.23 401.21 118.83 414.47 153.37 373.86 137.78 360.59
00534 0.876649 95.58 368.15 79.14 349.97 22.32 401.36 38.77 419.54
00535 0.499873 98.26 179.80 110.24 148.25 3.45 107.72 -8.52 139.27
00536 0.473161 18.45 223.75 33.54 198.18 0.94 178.94 -14.15 204.52
00537 0.561310 -12.00 242.08 12.21 248.58 20.12 219.12 -4.09 212.62
00549 0.481556 479.92 189.69 497.28 196.46 517.93 143.49 500.58 136.72
00550 0.774098 436.16 28.87 451.30 30.90 455.48 -0.16 440.34 -2.20
00550 0.647605 420.57 276.02 438.51 280.18 452.51 219.79 434.57 215.63
00550 0.538706 375.42 118.91 390.15 126.54 410.44 87.38 395.71 79.75
00552 0.927495 478.05 275.00 478.93 257.97 430.67 255.48 429.79 272.51
00552 0.913912 448.70 362.76 451.01 344.90 400.42 338.35 398.11 356.21
00552 0.910056 559.41 302.95 565.24 285.41 512.97 268.02 507.13 285.56
00552 0.909056 450.43 396.00 454.66 379.05 405.81 366.86 401.58 383.81
00552 0.905226 461.60 349.58 464.16 330.96 412.98 323.93 410.42 342.55
00552 0.902361 471.97 335.21 474.00 317.81 423.48 311.92 421.45 329.32
00552 0.898286 324.89 224.29 339.01 215.78 314.57 175.27 300.46 183.79
00552 0.896324 473.45 319.40 475.16 301.83 424.90 296.94 423.19 314.51
00553 0.929907 322.99 194.22 335.72 193.88 334.53 148.90 321.80 149.24
00553 0.925876 480.74 387.43 483.85 368.67 432.21 360.12 429.10 378.88
00553 0.923304 467.22 399.69 470.09 382.54 417.84 373.79 414.97 390.94
00553 0.917230 500.58 309.64 501.38 291.67 450.64 289.42 449.84 307.38
00553 0.901578 493.00 373.98 495.72 354.49 443.62 347.22 440.90 366.70
00553 0.901188 493.65 357.02 496.29 338.07 444.62 330.87 441.98 349.82
00553 0.900310 469.62 434.62 474.28 417.94 423.45 403.76 418.80 420.44
00553 0.893078 578.55 341.38 584.67 323.58 536.16 306.92 530.05 324.72
00554 0.913547 544.62 454.98 546.47 435.13 492.73 430.11 490.87 449.96
00554 0.910075 535.79 510.61 540.09 489.69 483.36 478.02 479.06 498.94
00554 0.901680 366.88 197.29 380.29 199.02 386.06 154.41 372.65 152.68
00554 0.877720 629.31 493.64 636.96 474.70 584.17 453.39 576.53 472.33
00554 0.765164 527.43 521.03 530.22 505.62 482.36 496.94 479.56 512.35
00554 0.549404 556.40 508.43 570.92 515.41 590.99 473.70 576.46 466.72
00555 0.904815 405.99 211.95 419.62 214.14 426.59 170.64 412.95 168.45
00556 0.818477 435.82 233.72 449.28 236.46 458.37 191.71 444.91 188.98
00557 0.876095 488.22 267.95 501.29 271.19 512.66 225.38 499.59 222.13
00558 0.879362 545.47 308.02 558.96 312.10 572.66 266.78 559.16 262.70
00559 0.818638 579.07 346.86 592.33 351.22 607.97 303.63 594.71 299.27
00560 0.724470 603.73 383.97 617.27 388.01 631.72 339.63 618.18 335.58
00581 0.361863 400.23 50.39 413.67 46.42 399.50 -1.53 386.06 2.45
00582 0.431985 410.92 149.60 422.26 146.55 415.18 120.21 403.85 123.25
00584 0.930548 437.35 103.16 439.04 86.74 393.36 82.04 391.67 98.47
00584 0.927057 351.94 168.29 351.27 151.25 303.03 153.15 303.70 170.20
00584 0.922672 363.75 92.58 362.25 77.84 318.33 82.33 319.84 97.07
00584 0.919083 358.42 106.27 357.11 90.94 312.69 94.74 314.00 110.07
00584 0.905166 356.83 195.52 357.93 178.31 313.17 175.44 312.06 192.64
00584 0.904911 364.98 129.58 364.17 113.76 318.93 116.08 319.75 131.91
00584 0.878968 367.28 142.04 366.61 126.46 320.66 128.44 321.33 144.02
00584 0.865659 360.51 155.76 360.02 139.62 311.97 141.08 312.46 157.22
00585 0.919042 343.84 217.63 343.13 200.68 294.97 202.69 295.67 219.64
00585 0.918854 365.50 270.41 364.99 253.29 316.20 254.75 316.72 271.87
00585 0.915630 355.67 284.44 355.14 268.57 305.98 270.20 306.50 286.07
00585 0.912728 369.03 199.75 367.15 182.81 319.96 188.06 321.84 204.99
00585 0.903289 364.07 316.28 365.22 297.87 314.92 294.72 313.77 313.13
00585 0.897511 445.37 212.82 447.81 194.79 402.47 188.63 400.02 206.67
00585 0.894517 371.07 242.72 370.18 224.62 321.79 226.98 322.67 245.08
00585 0.878874 374.46 256.74 373.54 240.29 323.58 243.08 324.50 259.53
00585 0.460927 389.39 236.30 402.39 238.94 409.79 202.60 396.79 199.96
00586 0.939360 364.94 350.93 364.10 333.19 311.57 335.68 312.41 353.42
00586 0.914454 373.36 335.06 372.82 317.22 322.73 318.72 323.26 336.56
00586 0.913538 279.04 271.58 285.77 255.86 240.94 236.65 234.20 252.36
00586 0.911295 372.48 381.84 373.27 364.12 321.49 361.81 320.70 379.53
00586 0.909540 376.15 259.78 373.66 242.07 325.92 248.78 328.41 266.49
00586 0.903621 378.73 304.79 377.86 287.02 328.79 289.42 329.66 307.20
00586 0.890243 381.56 319.88 381.05 301.73 330.55 303.14 331.06 321.29
00586 0.888531 456.70 270.69 458.47 252.24 408.95 247.47 407.17 265.92
00587 0.941981 202.82 53.29 200.56 20.97 90.59 28.64 92.85 60.96
00587 0.941183 194.26 92.44 191.68 59.29 81.85 67.83 84.43 100.98
00587 0.933633 429.04 191.59 427.54 161.54 317.83 167.01 319.33 197.06
00587 0.925324 204.70 199.18 200.92 169.44 92.48 183.22 96.25 212.96
00587 0.826312 201.41 16.35 200.26 -5.47 91.44 0.26 92.59 22.08
00588 0.929807 189.43 363.91 187.77 337.35 104.57 342.54 106.22 369.10
00588 0.921106 208.55 438.85 205.03 408.18 93.91 420.95 97.43 451.62
00588 0.897185 612.22 326.83 642.69 316.13 605.97 211.62 575.51 222.32
00588 0.891708 205.56 292.32 193.86 265.26 96.37 307.41 108.07 334.46
00588 0.880134 448.97 498.17 479.24 487.83 442.25 379.53 411.98 389.88
00588 0.812171 226.21 509.96 224.64 488.89 118.84 496.77 120.41 517.83
00588 0.586204 530.01 64.52 559.51 47.06 523.74 -13.37 494.24 4.08
00589 0.901312 288.05 487.46 273.47 461.04 187.22 508.63 201.80 535.06
00589 0.900566 244.72 422.57 233.07 399.30 159.09 436.35 170.74 459.62
00589 0.883809 234.37 353.58 213.65 332.11 134.81 408.17 155.53 429.65
00589 0.878402 627.34 241.88 653.43 220.23 583.06 135.44 556.97 157.09
00589 0.833710 537.45 458.30 560.01 439.51 487.48 352.40 464.92 371.18
00590 0.905829 237.48 479.71 256.51 498.35 317.13 436.46 298.10 417.82
00590 0.899825 610.01 135.19 624.61 109.05 527.39 54.72 512.78 80.85
00590 0.898752 208.13 458.75 232.86 471.28 281.17 375.95 256.43 363.41
00590 0.891622 309.54 510.89 332.32 532.52 380.96 481.31 358.18 459.67
00590 0.858915 602.74 376.92 619.20 345.46 517.77 292.40 501.31 323.86
00591 0.935813 395.65 511.85 423.45 522.91 454.74 444.26 426.94 433.19
00591 0.923688 288.44 485.32 316.34 487.39 324.40 378.71 296.49 376.64
00591 0.913511 321.02 491.60 345.67 502.79 380.50 426.03 355.85 414.84
00591 0.910081 482.13 509.10 511.71 520.49 535.06 459.87 505.48 448.47
00591 0.909341 549.05 41.46 553.92 9.18 445.16 -7.26 440.28 25.03
00591 0.864149 634.61 270.08 639.74 235.71 526.49 218.82 521.37 253.18
00592 0.930437 545.70 501.24 575.49 503.80 585.00 393.22 555.20 390.66
00592 0.924891 465.49 509.17 494.57 511.59 503.80 400.63 474.72 398.21
00592 0.924198 388.37 485.59 416.38 488.90 426.83 400.48 398.81 397.17
00592 0.923981 355.29 486.66 382.63 481.53 362.75 375.52 335.41 380.64
00592 0.858299 638.33 174.67 634.59 144.65 521.52 158.76 525.27 188.78
00593 0.941189 509.83 514.40 544.69 510.76 537.72 444.15 502.86 447.80
00593 0.928943 587.80 515.10 621.16 513.55 617.05 424.54 583.69 426.08
00593 0.913818 390.28 521.59 416.46 511.04 389.80 444.93 363.62 455.48
00593 0.901479 434.04 512.11 463.25 510.80 460.97 459.73 431.76 461.03
00593 0.873763 645.10 194.06 635.19 167.59 566.92 193.13 576.82 219.60
00593 0.726802 442.65 39.65 434.44 11.21 328.04 41.91 336.24 70.35
00594 0.926650 601.76 523.11 633.78 509.18 594.48 418.81 562.46 432.74
00594 0.885129 518.29 521.49 548.43 510.20 526.90 452.76 496.77 464.05
00594 0.875256 473.53 534.13 496.90 513.44 451.22 461.86 427.85 482.55
00594 0.810674 656.87 106.91 638.98 85.65 565.28 147.69 583.18 168.95
00594 0.723299 371.11 65.00 353.23 39.00 259.85 103.25 277.73 129.24
00594 0.501210 628.88 408.69 638.73 408.92 639.36 382.34 629.52 382.10
00595 0.906659 622.61 525.76 646.48 506.22 584.63 430.68 560.77 450.22
00595 0.891322 537.63 91.67 562.90 107.16 623.28 8.58 598.00 -6.90
00595 0.874732 577.88 537.39 593.93 509.23 517.16 465.48 501.11 493.64
00595 0.796879 216.32 187.52 241.65 205.80 307.18 115.03 281.85 96.74
00595 0.699540 635.52 430.81 662.82 406.05 633.58 373.81 606.28 398.56
00596 0.909307 638.01 489.05 643.69 459.02 571.52 445.37 565.84 475.40
00596 0.878268 481.86 47.80 512.13 54.08 522.88 2.29 492.62 -3.99
00596 0.801824 202.61 286.10 232.65 294.44 263.02 185.11 232.98 176.76
00596 0.420323 615.23 427.21 643.72 436.65 654.66 403.61 626.17 394.17
00597 0.828960 219.90 376.08 249.59 376.01 249.31 266.47 219.62 266.54
00597 0.776671 449.67 13.93 449.06 -1.23 418.57 -0.01 419.18 15.15
00597 0.522700 621.97 467.19 641.34 465.76 638.89 432.59 619.52 434.03
00597 0.349805 603.90 5.85 604.10 0.20 574.01 -0.84 573.81 4.81
00598 0.940268 201.12 229.39 198.56 199.08 88.39 208.39 90.95 238.70
00598 0.939739 199.77 189.36 197.86 158.59 86.64 165.50 88.55 196.28
00598 0.931657 387.01 95.70 386.18 65.08 301.55 67.39 302.39 98.02
00598 0.926787 189.09 268.11 186.57 238.75 77.61 248.12 80.14 277.49
00598 0.925839 197.06 35.33 193.57 3.30 84.89 15.14 88.38 47.18
00598 0.925190 201.31 378.39 197.45 350.06 89.39 364.77 93.24 393.10
00598 0.924837 393.61 131.96 392.70 102.78 310.18 105.34 311.08 134.53
00598 0.920942 200.68 150.17 197.99 118.60 86.71 128.05 89.39 159.62
00598 0.880921 425.52 369.92 424.05 342.45 316.73 348.19 318.20 375.65
00599 0.766878 255.74 457.39 284.73 449.18 254.92 343.92 225.93 352.13
00600 0.837980 271.31 520.96 298.34 511.00 264.21 418.36 237.18 428.32
00600 0.670540 329.58 11.82 326.15 -4.93 298.17 0.80 301.60 17.54
00601 0.862378 288.34 33.58 317.04 29.04 311.99 -2.90 283.29 1.64
00601 0.775857 539.13 13.26 538.78 -2.48 459.54 -0.73 459.89 15.02
00602 0.925313 534.80 53.81 533.89 25.10 451.55 27.71 452.46 56.42
00602 0.918271 540.93 92.18 540.41 63.15 457.94 64.60 458.45 93.63
00602 0.595047 282.24 53.01 310.00 49.89 304.22 -1.56 276.46 1.56
00603 0.928321 541.54 176.33 541.10 149.50 463.16 150.79 463.60 177.62
00603 0.876929 536.46 137.55 535.88 110.97 455.46 112.73 456.03 139.30
00603 0.696710 276.32 74.44 303.89 71.82 297.02 -0.62 269.44 2.00
00604 0.931334 545.01 267.37 544.02 241.89 463.50 245.01 464.49 270.49
00604 0.914809 539.54 229.21 538.69 203.37 459.12 205.99 459.97 231.83
00604 0.875643 270.98 103.35 299.90 101.49 293.27 -1.34 264.35 0.53
00605 0.933216 546.53 359.88 545.56 333.52 465.98 336.45 466.95 362.81
00605 0.932448 540.17 80.42 539.12 50.29 434.20 53.94 435.25 84.07
00605 0.931084 267.48 131.27 296.60 130.32 292.98 18.35 263.86 19.29
00605 0.905406 540.86 321.98 540.05 295.85 460.18 298.32 460.99 324.44
00606 0.932037 268.12 194.33 296.53 195.66 301.59 87.41 273.18 86.09
00606 0.904238 544.44 261.78 542.99 234.30 438.98 239.77 440.42 267.25
00606 0.878421 543.72 506.23 542.25 476.75 458.29 480.93 459.76 510.41
00607 0.899989 544.13 314.50 542.60 287.73 439.35 293.62 440.88 320.40
00607 0.893359 272.48 188.55 300.90 191.25 311.04 84.50 282.62 81.80
00608 0.899142 547.68 330.33 546.24 303.93 439.05 309.79 440.50 336.19
00608 0.879860 280.18 151.74 309.46 154.84 321.05 45.27 291.77 42.18
00609 0.935536 385.04 213.90 384.25 186.55 302.94 188.89 303.73 216.25
00609 0.935334 390.99 252.38 390.40 225.21 310.29 226.95 310.88 254.12
00609 0.930288 194.61 312.52 192.31 281.48 84.96 289.44 87.26 320.49
00609 0.929252 198.75 353.58 196.12 323.07 86.10 332.55 88.73 363.06
00609 0.928929 193.21 156.42 189.92 125.82 81.17 137.53 84.46 168.13
00609 0.927718 422.57 494.97 420.74 465.27 315.29 471.78 317.12 501.48
00609 0.925876 187.17 392.34 184.57 362.56 74.29 372.19 76.89 401.98
00609 0.921459 195.26 270.71 192.35 242.17 85.04 253.13 87.95 281.66
00609 0.913436 200.72 504.25 195.98 472.94 88.02 489.27 92.75 520.58
00609 0.701324 194.78 8.90 193.68 -8.60 79.18 -1.38 80.28 16.12
00610 0.912175 549.21 437.82 547.80 409.45 442.49 414.67 443.89 443.04
00610 0.805264 307.52 97.57 334.46 101.69 349.98 0.11 323.05 -4.01
00611 0.915532 314.40 126.39 342.63 130.71 359.73 18.95 331.51 14.63
00611 0.844407 547.70 511.19 546.01 484.34 442.26 490.89 443.95 517.74
00612 0.932951 319.09 118.01 349.43 122.91 366.92 14.58 336.57 9.68
00613 0.918597 331.00 141.27 357.38 146.44 378.75 37.22 352.37 32.06
00614 0.916181 340.82 243.25 369.17 249.09 391.73 139.58 363.38 133.74
00615 0.909482 359.97 304.98 388.02 310.61 409.74 202.25 381.70 196.63
00616 0.922255 372.65 258.58 402.24 264.64 424.41 156.49 394.82 150.42
00617 0.856487 386.51 191.19 417.55 196.71 437.47 84.74 406.43 79.21
00618 0.904875 401.32 116.13 429.78 121.79 451.90 10.64 423.45 4.97
00620 0.924385 194.35 442.64 191.72 410.68 80.48 419.82 83.11 451.77
00620 0.924010 194.18 403.37 191.72 372.90 81.72 381.81 84.18 412.28
00620 0.923525 197.40 485.35 194.10 451.78 83.45 462.65 86.75 496.22
00620 0.919643 190.07 284.52 186.97 256.34 79.75 268.12 82.85 296.31
00620 0.917939 383.43 342.88 382.65 316.63 301.73 319.04 302.51 345.30
00620 0.914023 185.34 133.88 183.08 103.96 73.72 112.22 75.98 142.14
00620 0.891961 388.82 381.21 387.66 355.15 308.83 358.65 309.98 384.70
00620 0.888012 187.02 21.29 183.61 -9.47 72.19 2.85 75.59 33.61
00620 0.757355 186.12 512.65 183.73 489.50 72.12 501.06 74.52 524.21
00631 0.927045 192.90 469.10 190.15 438.29 80.50 448.07 83.25 478.88
00631 0.924901 193.14 510.11 190.76 477.92 81.05 486.04 83.43 518.23
00631 0.921366 383.27 409.60 381.96 382.12 300.46 386.02 301.78 413.50
00631 0.917810 182.30 85.60 179.58 54.97 71.24 64.61 73.96 95.23
00631 0.917758 190.41 349.46 186.87 321.48 76.88 335.38 80.42 363.36
00631 0.908877 184.53 199.19 182.30 169.74 72.54 178.07 74.77 207.52
00631 0.876312 386.85 447.21 385.94 421.68 309.60 424.40 310.51 449.92
00631 0.789071 161.77 12.06 160.30 -8.18 49.08 -0.12 50.55 20.13
00631 0.631092 400.75 68.79 429.11 58.55 404.77 -8.85 376.41 1.39
00635 0.927046 564.57 81.81 596.36 79.61 590.73 -1.62 558.95 0.58
00635 0.921989 564.12 299.21 592.97 299.21 592.94 193.63 564.08 193.64
00636 0.932251 502.83 87.99 534.54 85.45 527.55 -2.06 495.84 0.48
00636 0.913762 501.56 306.23 531.85 306.05 531.20 199.47 500.91 199.66
00636 0.908806 612.14 83.34 642.54 82.55 640.42 0.92 610.02 1.71
00637 0.923329 489.41 152.91 520.84 150.81 513.59 42.36 482.16 44.46
00637 0.921692 488.73 375.01 516.52 374.39 514.13 265.92 486.34 266.53
00637 0.918809 598.32 149.28 630.80 148.77 629.09 38.86 596.60 39.36
00637 0.468984 635.35 135.97 644.54 135.46 639.69 48.18 630.50 48.70
00637 0.420028 635.55 163.99 639.52 163.97 639.27 130.23 635.31 130.26
00638 0.936576 375.06 475.62 374.67 449.23 295.47 450.40 295.86 476.79
00638 0.930437 183.38 145.18 180.77 115.57 73.37 125.04 75.98 154.65
00638 0.921039 184.59 412.18 181.94 383.10 72.86 393.04 75.51 422.13
00638 0.919357 163.43 68.07 161.33 37.72 51.61 45.34 53.72 75.69
00638 0.904426 181.47 260.28 179.73 230.73 74.65 236.92 76.39 266.47
00638 0.861154 382.40 512.53 381.45 487.45 300.41 490.51 301.35 515.58
00638 0.788630 401.11 134.15 431.37 124.64 397.80 17.83 367.54 27.35
00638 0.685481 184.41 511.51 184.09 499.53 69.44 502.58 69.76 514.56
00639 0.943829 178.79 85.14 180.47 57.04 94.83 51.95 93.16 80.05
00639 0.927889 182.34 159.14 183.10 130.11 73.71 127.27 72.96 156.30
00639 0.927082 193.19 238.48 193.80 209.27 87.18 207.03 86.57 236.24
00639 0.914735 162.45 506.90 163.19 474.63 55.29 472.14 54.55 504.41
00639 0.909601 177.66 354.26 179.67 325.48 72.19 317.97 70.18 346.75
00639 0.908223 206.52 20.84 198.33 -11.37 91.60 15.74 99.78 47.95
00639 0.904097 600.18 112.57 632.75 105.19 608.26 -2.92 575.68 4.46
00639 0.639395 413.79 256.54 441.51 252.54 425.56 141.99 397.85 145.99
00640 0.943243 181.46 211.23 182.11 182.48 74.07 180.03 73.42 208.78
00640 0.935209 191.56 291.71 192.25 263.62 87.71 261.06 87.02 289.14
00640 0.928222 180.20 137.69 182.06 110.12 93.19 104.13 91.33 131.70
00640 0.921186 180.33 407.09 181.96 379.31 71.26 372.83 69.63 400.61
00640 0.912413 600.02 166.17 631.50 159.40 608.48 52.33 577.00 59.10
00640 0.911936 204.19 69.70 196.25 39.78 92.20 67.42 100.15 97.33
00640 0.896190 411.48 306.41 442.50 301.59 425.81 194.11 394.78 198.93
00641 0.927978 179.64 240.24 181.46 213.20 92.51 207.21 90.69 234.25
00641 0.926215 193.43 397.50 194.62 368.07 86.76 363.73 85.58 393.15
00641 0.924150 180.78 515.00 182.92 483.41 72.10 475.90 69.95 507.49
00641 0.922695 183.10 317.06 184.19 287.53 74.65 283.49 73.56 313.02
00641 0.906729 600.44 267.31 631.92 261.29 611.19 152.92 579.71 158.95
00641 0.903290 206.82 172.14 198.54 142.64 91.50 172.68 99.78 202.17
00641 0.821573 412.35 409.95 442.13 405.25 425.28 298.52 395.51 303.22
00641 0.434618 1.23 59.30 12.67 58.68 9.79 5.43 -1.65 6.04
00658 0.475640 501.41 512.88 501.89 499.24 475.13 498.29 474.65 511.93
00662 0.847912 300.78 455.35 331.81 463.76 355.24 377.30 324.21 368.89
00662 0.751634 99.22 405.75 130.41 415.78 157.50 331.56 126.31 321.53
00662 0.657913 587.68 355.58 609.43 358.84 617.34 306.05 595.59 302.80
00662 0.528251 213.97 516.38 216.20 495.22 190.24 492.48 188.01 513.64
00730 0.906656 569.61 60.74 592.69 62.52 597.40 1.43 574.32 -0.36
00730 0.899853 504.00 51.24 527.96 57.06 541.24 2.41 517.27 -3.41
00730 0.899553 539.30 73.83 562.55 75.86 569.09 0.91 545.85 -1.12
00730 0.871726 471.64 51.32 494.17 57.07 508.45 1.09 485.92 -4.65
00730 0.790650 608.65 66.48 631.79 65.84 629.99 0.09 606.84 0.73
00731 0.907751 444.38 65.04 468.11 70.04 482.58 1.47 458.86 -3.53
00731 0.907621 548.87 76.03 572.06 75.82 571.38 3.28 548.19 3.49
00731 0.905413 477.77 85.38 502.92 87.86 511.12 4.60 485.97 2.12
00731 0.896698 510.38 71.80 532.41 72.92 536.15 -0.55 514.12 -1.67
00731 0.891005 412.24 60.33 434.02 65.79 450.11 1.64 428.33 -3.83
00732 0.909308 456.84 169.01 479.56 170.57 484.77 94.84 462.06 93.28
00732 0.903678 495.78 176.75 519.94 176.26 518.38 99.89 494.22 100.39
00732 0.903391 425.72 181.81 450.13 184.30 459.96 87.81 435.55 85.33
00732 0.882678 393.77 159.99 415.95 164.25 433.11 74.73 410.93 70.48
00732 0.846002 360.84 160.14 384.24 165.46 405.57 71.50 382.17 66.19
00732 0.362651 211.37 350.00 226.04 350.86 228.44 310.22 213.77 309.35
00733 0.913107 459.77 318.43 482.34 319.99 487.56 244.46 464.99 242.90
00733 0.896880 499.35 324.77 520.89 324.37 519.49 249.71 497.95 250.12
00733 0.892992 307.97 121.86 332.41 131.61 367.06 44.75 342.62 35.00
00733 0.892527 428.02 328.85 452.18 331.64 463.26 235.97 439.11 233.18
00733 0.884986 396.26 311.63 420.38 315.75 435.34 228.09 411.22 223.98
00733 0.876750 283.54 111.25 308.71 121.02 342.64 33.61 317.47 23.84
00733 0.866549 362.08 308.32 383.99 313.86 408.31 217.83 386.40 212.28
00733 0.850805 317.70 189.51 341.58 197.57 372.40 106.22 348.53 98.16
00734 0.918591 485.78 365.00 508.95 364.84 508.45 289.85 485.29 290.00
00734 0.894869 448.03 360.22 470.26 361.56 474.78 286.80 452.55 285.45
00734 0.894651 416.39 372.20 439.86 374.57 449.60 278.11 426.13 275.74
00734 0.890945 384.24 350.24 406.42 354.53 423.40 266.78 401.22 262.49
00734 0.886105 294.90 162.38 320.42 173.04 357.99 83.12 332.47 72.46
00734 0.862466 306.24 229.66 331.08 238.53 363.15 148.70 338.31 139.83
00734 0.859879 349.31 351.66 374.09 357.74 397.67 261.70 372.89 255.62
00734 0.846518 272.13 153.45 296.60 162.46 329.00 74.39 304.54 65.38
00735 0.919609 401.06 438.85 425.22 438.54 424.27 363.60 400.11 363.91
00735 0.911241 361.21 433.05 384.60 434.96 390.89 357.99 367.49 356.08
00735 0.883095 330.81 441.28 354.94 443.79 364.78 349.36 340.65 346.84
00735 0.881693 298.14 423.20 321.68 427.51 338.32 336.54 314.77 332.24
00735 0.876021 184.99 225.47 210.00 235.11 243.54 148.14 218.53 138.49
00735 0.870317 210.03 232.80 233.60 242.70 268.42 159.79 244.86 149.89
00735 0.870122 219.59 303.45 244.50 311.72 274.77 220.62 249.85 212.35
00735 0.846601 263.43 420.54 286.15 426.64 311.18 333.37 288.47 327.27
00737 0.898310 364.62 510.25 388.72 511.72 393.37 435.33 369.26 433.87
00737 0.876406 213.46 315.76 237.55 325.44 273.42 236.19 249.33 226.51
00737 0.876020 337.19 510.18 360.88 511.94 367.35 425.22 343.65 423.45
00737 0.873070 405.12 512.66 429.53 512.17 428.10 440.44 403.69 440.93
00737 0.867916 188.02 306.52 213.50 316.76 249.28 227.71 223.80 217.48
00737 0.861548 300.92 508.58 325.54 512.82 341.75 418.63 317.14 414.39
00737 0.793155 266.81 506.68 291.43 512.57 315.96 409.89 291.34 404.01
00737 0.682133 225.89 379.40 248.82 387.16 277.94 301.11 255.01 293.35
00738 0.846767 217.46 423.34 239.96 432.70 276.65 344.44 254.14 335.08
00738 0.819639 193.78 413.75 215.81 421.84 248.94 331.69 226.91 323.60
00739 0.906805 205.99 509.84 229.65 517.83 254.04 445.54 230.38 437.55
00739 0.905458 232.67 509.47 255.68 518.92 280.23 459.17 257.22 449.72
00856 0.398778 293.05 528.12 310.82 512.57 241.32 433.18 223.55 448.74
00856 0.368035 261.75 528.16 278.46 512.98 217.56 445.94 200.85 461.11
00897 0.569688 592.23 223.45 599.99 222.31 596.37 197.69 588.61 198.83
00917 0.711824 325.86 195.85 333.65 195.57 332.91 174.60 325.11 174.88
00918 0.560268 442.91 471.15 453.80 477.53 474.45 442.27 463.55 435.89
00920 0.622576 350.22 497.16 359.37 496.24 356.82 470.91 347.68 471.83
00930 0.654041 536.43 96.27 543.86 95.63 541.03 62.58 533.59 63.22
00931 0.476249 543.57 381.99 553.83 380.77 548.86 338.84 538.60 340.05
00939 0.921985 474.81 201.15 472.66 189.44 440.11 195.43 442.27 207.14
00940 0.877548 108.15 296.38 103.73 285.07 70.01 298.26 74.44 309.57
00940 0.871840 629.94 112.88 626.59 102.63 597.98 111.97 601.33 122.23
00941 0.886194 315.05 252.97 313.75 241.46 278.82 245.38 280.11 256.89
00949 0.874553 55.41 12.75 53.51 1.46 23.38 6.52 25.28 17.82
01010 0.847608 267.00 511.32 294.23 508.97 287.35 429.08 260.13 431.42
01022 0.882151 343.38 84.30 367.62 86.02 373.30 5.61 349.06 3.90
01023 0.896953 335.59 339.82 362.63 341.44 368.47 243.72 341.44 242.10
01038 0.922822 159.06 149.70 183.40 148.83 180.45 65.66 156.11 66.52
01040 0.919584 140.22 328.67 167.66 328.40 166.76 234.52 139.32 234.78
01041 0.913142 129.75 424.30 156.68 422.84 151.29 323.66 124.36 325.12
01042 0.923235 164.99 511.78 193.25 510.96 190.29 407.96 162.03 408.77
01067 0.899285 263.39 132.82 288.26 133.10 289.28 45.44 264.40 45.15
01068 0.915990 257.26 466.31 286.12 465.53 283.16 355.87 254.30 356.65
01293 0.469776 289.04 224.05 302.29 219.38 291.58 188.96 278.33 193.62
01313 0.832843 239.09 26.49 253.54 26.74 254.01 -0.11 239.56 -0.36
01313 0.785881 258.68 26.26 272.93 26.42 273.22 0.12 258.98 -0.04
01313 0.303097 272.98 30.28 286.99 30.77 287.93 4.13 273.91 3.64
01314 0.855513 270.22 89.51 285.69 89.58 285.88 48.69 270.41 48.62
01314 0.806868 249.70 90.71 265.84 90.47 265.24 49.95 249.10 50.19
01315 0.851122 272.06 119.62 289.18 120.88 292.38 77.37 275.26 76.11
01315 0.806753 293.37 119.89 311.34 121.28 314.61 78.93 296.64 77.54
01316 0.836051 310.43 141.16 328.53 145.73 339.99 100.33 321.90 95.76
01316 0.778864 331.01 145.18 348.16 150.05 360.62 106.22 343.47 101.35
01316 0.542075 385.20 159.77 404.24 164.23 414.77 119.28 395.73 114.82
01317 0.820128 341.15 170.40 358.12 179.90 381.98 137.30 365.01 127.80
01317 0.794658 364.35 178.63 379.49 186.96 402.28 145.54 387.14 137.21
01318 0.676956 444.11 198.80 431.69 186.11 395.41 221.60 407.83 234.29
01318 0.545528 426.47 184.20 413.03 170.46 375.14 207.51 388.58 221.25
01318 0.465562 433.38 230.84 422.92 219.55 399.28 241.44 409.75 252.74
01319 0.438097 460.61 231.52 450.02 213.40 403.55 240.55 414.14 258.67
01319 0.411955 473.40 247.93 464.08 231.66 419.23 257.35 428.56 273.63
01320 0.800512 491.47 283.76 484.13 264.96 435.27 284.06 442.62 302.85
01320 0.780403 481.15 266.75 473.08 244.19 421.03 262.81 429.10 285.37
01321 0.826468 489.60 303.68 484.06 283.73 429.72 298.82 435.25 318.77
01321 0.618179 480.93 282.74 474.99 262.12 421.23 277.62 427.17 298.24
01322 0.747258 471.88 303.95 468.30 281.41 413.23 290.17 416.82 312.70
01322 0.677160 477.99 326.80 475.35 306.49 419.23 313.79 421.88 334.11
01323 0.723744 447.46 346.50 447.55 325.51 388.68 325.26 388.59 346.24
01323 0.428728 444.45 320.93 443.10 296.54 386.86 299.66 388.21 324.06
01324 0.766061 415.85 357.41 418.45 333.23 359.74 326.92 357.14 351.09
01324 0.697415 416.41 331.53 417.95 309.10 361.06 305.21 359.52 327.63
01413 0.729512 295.15 105.73 308.48 103.72 302.23 62.25 288.89 64.26
01413 0.638457 203.38 146.32 216.24 140.66 198.84 101.12 185.98 106.78
01413 0.613118 310.46 97.78 323.81 96.28 319.40 57.06 306.05 58.56
01413 0.520256 276.71 113.66 290.60 110.58 281.41 69.22 267.53 72.30
01413 0.481327 232.03 133.81 244.75 128.25 228.34 90.72 215.61 96.29
01413 0.449543 259.54 122.78 272.86 118.10 258.58 77.45 245.25 82.14
01414 0.583806 252.28 199.74 267.56 194.33 251.48 148.91 236.20 154.32
01414 0.479035 214.56 218.36 228.64 211.70 207.15 166.30 193.07 172.97
