00010 0.453109 610.31 432.63 633.86 430.02 625.62 355.72 602.07 358.33
00011 0.519041 572.62 485.22 591.53 483.72 587.83 437.20 568.92 438.70
00033 0.470104 611.47 388.50 629.73 381.99 614.64 339.70 596.39 346.22
00037 0.528102 325.22 122.30 337.32 132.68 366.50 98.64 354.40 88.27
00042 0.323697 92.31 31.71 109.63 32.38 110.88 0.04 93.57 -0.63
00201 0.704365 566.73 78.48 553.20 56.94 479.27 103.38 492.80 124.92
00302 0.664736 560.00 67.57 559.16 39.66 468.07 42.38 468.90 70.29
00302 0.629626 564.53 43.76 563.92 20.98 484.10 23.12 484.71 45.90
00303 0.883544 578.43 197.00 577.53 168.56 478.79 171.67 479.69 200.11
00303 0.769540 581.54 176.32 580.00 148.42 476.49 154.15 478.03 182.04
00397 0.782777 271.29 511.52 300.82 513.37 304.08 461.33 274.54 459.48
00397 0.353617 466.99 31.50 487.52 31.07 486.85 -0.76 466.32 -0.33
00398 0.325178 624.45 54.08 621.33 38.31 581.93 46.10 585.05 61.86
00399 0.898608 419.54 40.71 441.26 41.39 442.61 -1.25 420.89 -1.94
00400 0.906555 399.09 67.40 419.31 67.72 420.26 6.81 400.03 6.50
00401 0.890520 400.72 99.62 420.63 99.88 421.46 35.90 401.54 35.65
00401 0.595329 318.38 45.49 336.01 45.43 335.87 0.11 318.24 0.17
00402 0.901605 404.04 147.13 425.12 147.10 425.00 77.90 403.92 77.94
00403 0.893666 407.79 204.74 429.06 204.22 427.20 128.61 405.92 129.13
00403 0.890330 396.34 43.18 417.43 37.40 405.81 -4.97 384.73 0.81
00404 0.901971 408.85 275.79 431.96 275.96 432.56 192.67 409.45 192.50
00404 0.854422 400.59 91.14 420.15 86.24 401.14 10.37 381.58 15.27
00405 0.910588 420.17 466.96 447.44 466.74 446.56 356.18 419.30 356.39
00405 0.871183 407.21 204.82 427.18 200.94 412.88 127.45 392.92 131.33
00405 0.853558 316.34 35.04 333.42 29.05 321.10 -6.07 304.02 -0.09
00406 0.904574 313.33 86.39 333.13 80.34 313.96 17.56 294.15 23.60
00406 0.898741 412.77 288.66 436.01 283.60 416.73 194.97 393.49 200.03
00406 0.826207 429.19 513.11 454.32 512.65 453.43 464.66 428.31 465.13
00407 0.910138 312.56 150.87 334.23 143.81 311.04 72.61 289.37 79.66
00407 0.901861 417.09 385.78 442.69 381.58 426.11 280.65 400.52 284.85
00408 0.916567 302.08 235.34 324.75 228.33 302.00 154.76 279.33 161.77
00408 0.883189 413.98 516.17 441.07 511.89 423.61 401.34 396.52 405.62
00410 0.863588 453.04 514.79 483.60 511.13 472.17 415.73 441.61 419.39
00410 0.862457 353.66 241.30 377.47 234.97 355.78 153.37 331.96 159.71
00411 0.892694 505.72 514.48 537.68 512.06 532.40 442.35 500.44 444.77
00411 0.887765 403.79 261.37 429.43 254.47 406.48 169.13 380.84 176.03
00412 0.875776 451.21 281.92 475.54 273.87 445.92 184.35 421.59 192.40
00412 0.693469 572.14 515.03 591.46 510.53 583.72 477.33 564.40 481.83
00413 0.888985 494.04 319.73 521.53 310.79 490.12 214.18 462.64 223.12
00414 0.826747 525.54 366.42 552.22 355.73 511.71 254.64 485.02 265.34
00415 0.764141 606.75 426.25 640.93 410.78 590.38 299.10 556.20 314.57
00422 0.794515 231.74 39.28 246.96 25.01 209.74 -14.67 194.52 -0.40
00423 0.492549 181.07 40.33 195.85 27.75 161.03 -13.17 146.25 -0.59
00426 0.575664 389.92 376.75 410.86 357.94 345.69 285.37 324.74 304.18
00427 0.528249 151.04 43.69 167.38 27.30 124.45 -15.50 108.12 0.89
00463 0.423557 377.81 30.12 397.64 24.36 388.99 -5.40 369.16 0.37
00474 0.903491 247.54 68.65 261.05 65.52 253.95 34.84 240.44 37.96
00485 0.873975 246.49 112.82 259.51 109.99 252.42 77.38 239.40 80.21
00493 0.562265 601.85 30.06 614.29 15.60 583.87 -10.58 571.43 3.88
00494 0.381666 591.91 122.68 609.07 110.59 577.52 65.82 560.36 77.91
00496 0.892092 242.01 164.99 258.33 162.06 251.54 124.24 235.23 127.17
00507 0.881983 238.59 212.61 255.23 209.61 247.79 168.33 231.15 171.33
00510 0.594969 630.48 43.13 639.11 18.11 572.66 -4.83 564.03 20.19
00518 0.870278 245.32 262.02 263.17 257.74 252.42 212.88 234.56 217.16
00528 0.437874 405.43 160.49 393.32 139.59 343.69 168.35 355.81 189.25
00529 0.908253 242.65 349.08 262.93 344.42 251.60 295.15 231.33 299.81
00540 0.889662 137.10 517.28 159.28 509.65 137.94 447.63 115.76 455.26
00542 0.331806 536.43 20.53 550.23 25.78 559.65 1.01 545.86 -4.24
00544 0.814493 458.12 109.82 472.99 113.20 480.73 79.10 465.86 75.72
00545 0.429039 437.22 163.59 451.46 165.73 456.46 132.52 442.22 130.38
00546 0.823392 422.23 232.19 440.56 234.93 447.38 189.17 429.05 186.44
00547 0.895020 402.59 310.40 421.31 312.19 426.12 261.98 407.40 260.19
00548 0.877775 406.18 402.53 424.30 403.96 428.68 348.43 410.56 347.00
00549 0.865076 412.27 511.23 436.72 512.30 439.25 454.50 414.80 453.42
00551 0.862649 244.26 37.03 254.43 37.17 254.92 1.18 244.75 1.05
00551 0.652783 359.66 35.48 371.00 33.45 364.66 -1.84 353.32 0.19
00551 0.570065 342.50 41.37 354.24 40.43 350.99 -0.02 339.24 0.93
00551 0.566213 470.15 20.19 469.63 3.63 415.11 5.35 415.63 21.92
00551 0.449667 466.57 14.59 466.25 -2.74 397.26 -1.48 397.57 15.85
00552 0.945911 468.67 421.42 472.49 404.72 409.44 390.30 405.62 406.99
00553 0.908486 485.80 461.22 490.09 443.86 426.39 428.11 422.10 445.47
00560 0.451869 67.55 55.00 88.28 39.69 51.21 -10.50 30.48 4.81
00561 0.626220 583.76 326.53 606.38 328.00 610.86 258.69 588.25 257.23
00562 0.657520 478.79 82.30 477.98 69.15 436.48 71.70 437.29 84.85
00562 0.530397 347.56 109.47 361.36 108.42 357.27 54.50 343.47 55.55
00562 0.455286 453.08 71.73 451.90 59.63 405.76 64.13 406.94 76.22
00573 0.588139 493.66 178.95 492.92 164.77 445.73 167.23 446.47 181.41
00573 0.548002 357.05 213.10 369.09 212.18 364.53 152.48 352.48 153.40
00581 0.513125 520.35 328.70 519.16 310.90 458.31 314.97 459.50 332.78
00581 0.484866 453.19 53.76 469.02 47.68 448.20 -6.51 432.37 -0.43
00584 0.830913 375.41 211.73 376.03 196.22 321.16 194.03 320.54 209.54
00585 0.917805 384.69 334.86 385.27 317.64 323.42 315.56 322.84 332.78
00586 0.965057 394.32 402.61 394.33 385.30 330.33 385.25 330.31 402.57
00682 0.906522 598.46 245.01 625.64 248.94 641.90 136.75 614.73 132.81
00682 0.708737 569.71 511.04 588.57 522.73 617.38 476.25 598.52 464.56
00683 0.914407 533.24 251.34 557.96 254.05 570.51 139.43 545.79 136.72
00683 0.522371 506.56 510.50 523.58 520.30 545.45 482.32 528.43 472.52
00684 0.922191 351.40 259.90 374.86 262.68 388.29 149.43 364.83 146.65
00685 0.920029 272.93 306.14 296.48 308.77 308.89 197.54 285.35 194.91
00686 0.921726 259.75 183.16 282.88 185.34 293.60 71.46 270.46 69.29
00686 0.872551 191.51 503.04 214.09 517.37 273.22 424.18 250.64 409.85
00686 0.828076 255.13 512.83 275.91 515.32 285.72 433.55 264.94 431.05
00687 0.853026 254.70 377.22 276.52 379.04 284.60 282.34 262.78 280.52
00687 0.836779 192.73 347.63 212.84 361.11 273.43 270.75 253.32 257.26
00688 0.878194 255.13 289.28 277.13 290.93 284.30 195.54 262.30 193.89
00688 0.843966 191.24 260.78 209.97 273.55 272.91 181.24 254.18 168.47
00689 0.866173 255.01 104.78 278.68 107.39 290.28 2.12 266.61 -0.49
00689 0.863916 187.96 78.11 208.27 90.98 264.38 2.49 244.08 -10.39
00689 0.363948 191.43 21.19 210.22 35.93 236.19 2.84 217.41 -11.90
00725 0.858014 619.03 74.89 638.18 76.86 646.54 -4.66 627.39 -6.63
00725 0.788419 554.86 39.40 574.43 55.88 620.12 1.62 600.55 -14.85
00727 0.826259 640.11 174.18 646.16 147.99 596.46 136.50 590.41 162.70
00727 0.511767 638.45 204.19 646.56 181.83 615.20 170.46 607.09 192.82
00728 0.937968 564.53 204.63 571.85 176.74 457.50 146.73 450.19 174.62
00728 0.885343 575.42 248.52 585.28 224.87 478.98 180.53 469.12 204.18
00729 0.937558 487.27 255.88 509.79 272.56 575.31 184.10 552.79 167.42
00729 0.918240 441.52 260.97 453.55 233.17 340.84 184.37 328.81 212.17
00729 0.918225 434.24 209.97 441.41 183.27 324.66 151.93 317.49 178.63
00729 0.915361 617.21 477.20 633.67 453.56 540.50 388.70 524.04 412.34
00729 0.889871 555.58 276.13 576.37 287.06 625.90 192.86 605.11 181.93
00729 0.877376 521.32 274.04 544.23 286.96 599.73 188.58 576.81 175.66
00729 0.834110 594.00 306.73 620.77 319.65 663.59 230.92 636.83 218.00
00729 0.667770 643.16 174.98 653.83 150.95 598.97 126.61 588.31 150.64
00729 0.620055 639.74 189.87 648.21 166.85 573.28 139.28 564.81 162.30
00729 0.344699 644.40 155.67 655.22 129.98 598.01 105.90 587.20 131.60
00730 0.931735 292.87 216.84 300.27 189.11 184.23 158.12 176.83 185.85
00730 0.923411 529.76 358.00 555.37 371.00 616.64 250.34 591.03 237.34
00730 0.917376 457.72 316.59 482.34 328.24 533.62 219.85 508.99 208.20
00730 0.903926 474.58 480.33 490.64 457.33 407.13 399.03 391.07 422.04
00730 0.888890 303.73 263.15 313.58 236.90 203.83 195.72 193.98 221.98
00730 0.888798 352.73 261.48 374.68 277.25 438.22 188.83 416.27 173.06
00730 0.876306 421.19 282.09 440.53 291.89 486.13 201.83 466.78 192.04
00730 0.838688 387.95 282.79 409.36 295.20 471.63 187.76 450.22 175.35
00730 0.338793 450.37 37.84 472.86 42.57 481.66 0.72 459.17 -4.01
00731 0.948540 413.30 489.50 429.55 466.12 348.29 409.65 332.04 433.03
00731 0.941174 235.32 227.16 243.17 199.07 127.54 166.76 119.69 194.84
00731 0.921536 470.51 365.78 494.52 379.81 561.00 266.02 536.99 251.99
00731 0.910998 293.68 274.02 315.06 289.50 379.36 200.65 357.98 185.18
00731 0.910902 399.20 328.51 423.21 339.76 477.15 224.68 453.15 213.43
00731 0.886135 361.36 293.10 381.23 303.05 427.37 210.89 407.50 200.94
00731 0.876439 244.02 276.10 255.41 247.89 146.27 203.82 134.88 232.03
00731 0.868884 330.72 292.92 351.68 303.85 406.96 197.78 386.00 186.85
00732 0.940291 190.52 375.77 202.24 346.25 92.32 302.63 80.60 332.14
00732 0.940024 180.52 328.47 188.56 298.99 66.36 265.68 58.32 295.16
00732 0.931714 420.41 465.93 444.08 478.81 507.44 362.28 483.77 349.41
00732 0.916259 243.66 375.61 265.15 389.74 324.38 299.69 302.90 285.56
00732 0.902144 346.75 428.45 369.51 439.74 424.27 329.26 401.51 317.98
00732 0.867844 310.35 390.29 330.48 400.34 374.85 311.47 354.72 301.42
00732 0.829338 275.45 389.95 295.99 402.03 353.88 303.68 333.34 291.59
00733 0.918872 185.85 475.32 193.22 442.90 71.10 415.12 63.72 447.54
00733 0.892698 192.65 520.77 203.53 489.24 95.90 452.07 85.01 483.60
00733 0.818678 326.62 510.15 346.63 520.24 377.78 458.48 357.76 448.39
00733 0.805216 252.01 512.46 276.64 527.49 324.80 448.60 300.17 433.57
00733 0.779373 386.38 515.09 405.12 522.34 423.34 475.25 404.60 468.00
00733 0.740867 294.97 511.57 316.45 523.16 355.04 451.58 333.56 439.99
00734 0.911858 176.69 515.19 184.16 484.26 61.84 454.68 54.36 485.61
00734 0.804890 264.22 511.53 284.06 527.14 312.40 491.10 292.55 475.50
00734 0.674181 302.89 510.84 321.25 522.34 339.76 492.77 321.40 481.28
00734 0.540796 331.18 510.50 349.37 523.80 365.96 501.11 347.77 487.81
00734 0.436856 134.98 514.74 135.50 492.46 78.31 491.12 77.79 513.40
00736 0.884397 599.88 88.57 629.92 91.99 640.23 1.62 610.19 -1.81
00736 0.867338 539.86 63.16 563.97 78.16 611.18 2.32 587.07 -12.69
00747 0.917261 535.20 261.83 558.07 277.49 628.57 174.56 605.70 158.90
00747 0.912988 600.90 281.63 622.94 282.89 628.30 189.38 606.26 188.12
00757 0.913128 604.69 83.48 627.30 85.70 636.02 -3.21 613.42 -5.43
00757 0.896111 532.15 402.98 556.00 419.78 628.42 316.98 604.57 300.17
00757 0.857996 591.31 428.82 618.32 431.61 628.44 333.54 601.43 330.76
00758 0.899223 532.39 485.32 555.17 501.74 622.89 407.74 600.11 391.32
00758 0.893511 600.13 166.98 626.32 170.59 641.89 57.34 615.70 53.74
00758 0.840069 598.85 502.68 619.13 504.87 628.10 421.81 607.82 419.62
00758 0.401111 627.54 459.05 641.18 459.59 644.22 382.94 630.58 382.40
00804 0.380011 146.72 34.47 161.00 25.10 139.26 -8.01 124.98 1.37
00914 0.365641 648.84 291.15 637.52 276.57 600.10 305.61 611.41 320.19
00918 0.563545 469.95 346.74 485.05 357.40 524.69 301.21 509.58 290.55
00918 0.464540 466.49 277.94 461.11 266.00 428.71 280.60 434.09 292.54
00928 0.460580 497.17 488.22 512.35 496.35 543.64 437.98 528.46 429.84
00928 0.303994 486.93 411.40 480.72 400.30 446.59 419.37 452.80 430.48
00930 0.328638 402.57 512.48 413.55 516.59 425.56 484.56 414.58 480.45
00989 0.553676 123.42 506.49 156.53 525.31 190.26 465.96 157.16 447.14
00995 0.949911 435.02 104.54 449.23 73.59 345.72 26.06 331.51 57.01
00995 0.845765 103.95 366.89 128.24 356.43 87.53 261.92 63.24 272.38
01039 0.886489 235.32 452.74 262.46 452.96 263.33 342.84 236.19 342.62
01039 0.801969 639.70 270.03 664.75 245.01 608.84 189.06 583.79 214.08
01050 0.800523 399.60 511.40 423.21 520.47 451.94 445.70 428.33 436.63
01070 0.663129 314.87 206.29 339.83 217.43 379.45 128.63 354.48 117.49
01073 0.821586 401.31 479.00 426.97 492.84 473.13 407.25 447.47 393.41
01453 0.339595 90.08 73.64 106.31 73.76 106.76 10.26 90.53 10.14
