00007 0.820136 591.75 116.31 612.90 114.35 608.46 66.32 587.31 68.28
00007 0.792967 427.42 210.71 447.77 211.37 449.38 161.33 429.03 160.68
00008 0.564274 464.61 297.66 484.71 298.02 485.60 249.29 465.50 248.92
00009 0.763924 480.54 356.79 500.48 357.28 501.68 308.65 481.73 308.16
00010 0.738768 608.45 406.11 627.10 404.34 622.59 356.80 603.93 358.57
00010 0.528880 445.09 500.45 466.27 501.26 468.25 449.82 447.07 449.01
00011 0.633562 573.77 486.50 591.54 484.82 587.12 438.16 569.35 439.84
00014 0.430204 165.86 362.01 183.56 368.37 200.39 321.59 182.69 315.22
00032 0.802120 431.10 161.17 447.46 158.08 441.25 125.32 424.90 128.41
00032 0.704933 542.64 91.29 559.10 87.09 551.36 56.73 534.90 60.93
00033 0.807800 610.01 383.24 627.07 377.44 614.57 340.65 597.51 346.45
00033 0.741765 476.40 482.31 497.18 479.15 490.21 433.31 469.43 436.47
00042 0.413727 92.94 31.30 109.87 31.75 110.72 -0.01 93.79 -0.46
00043 0.722458 192.70 63.22 208.82 65.31 212.87 34.07 196.75 31.98
00043 0.457820 58.23 117.66 73.09 118.16 74.27 83.14 59.41 82.64
00044 0.801285 139.80 352.84 159.08 356.25 166.33 315.24 147.05 311.83
00045 0.742684 122.09 469.63 142.53 472.94 150.18 425.80 129.74 422.48
00066 0.715917 590.26 133.72 613.58 141.14 632.88 80.51 609.56 73.09
00107 0.766908 542.92 51.64 561.06 55.07 568.24 17.06 550.10 13.63
00168 0.374807 234.51 80.65 236.98 62.17 187.37 55.52 184.90 74.00
00192 0.772046 265.50 178.25 280.89 180.63 285.11 153.30 269.72 150.92
00192 0.747267 247.06 141.18 260.83 147.51 271.87 123.50 258.10 117.17
00192 0.389117 179.56 229.54 189.63 238.66 208.03 218.35 197.95 209.23
00193 0.825161 341.35 185.21 359.46 180.90 352.64 152.24 334.52 156.56
00193 0.703782 306.67 153.62 320.85 153.04 319.79 126.84 305.61 127.41
00194 0.780278 239.89 144.67 253.55 141.24 247.49 117.13 233.84 120.56
00194 0.593576 289.99 169.11 303.89 155.02 281.10 132.53 267.20 146.62
00194 0.389791 349.79 521.91 389.28 511.27 377.84 468.82 338.35 479.47
00196 0.760778 268.90 234.04 284.42 225.84 269.35 197.30 253.83 205.50
00196 0.741885 218.15 206.21 234.02 202.57 227.27 173.14 211.40 176.78
00197 0.859764 206.14 268.76 222.41 265.75 217.13 237.16 200.86 240.17
00197 0.684224 261.21 299.31 277.59 291.29 262.36 260.19 245.97 268.22
00226 0.481575 294.75 506.00 320.25 526.86 356.31 482.77 330.81 461.92
00226 0.360232 312.81 269.93 331.60 284.61 357.66 251.26 338.86 236.58
00227 0.820620 139.62 275.02 152.38 259.91 119.92 232.49 107.16 247.60
00228 0.797990 139.75 275.44 153.71 260.26 121.46 230.61 107.50 245.79
00228 0.338109 273.96 289.58 299.46 270.89 265.49 224.55 240.00 243.23
00252 0.425683 490.27 279.41 504.94 267.14 480.85 238.34 466.18 250.62
00253 0.330991 475.39 174.47 486.42 156.58 458.52 139.38 447.49 157.28
00254 0.350549 521.47 276.11 528.65 258.88 489.58 242.59 482.40 259.82
00266 0.901139 538.30 154.05 544.16 129.92 489.16 116.58 483.31 140.71
00267 0.670976 417.73 122.30 417.03 101.49 377.14 102.84 377.84 123.65
00267 0.309285 131.32 187.71 143.73 173.97 121.78 154.15 109.37 167.89
00269 0.424491 418.20 41.14 413.89 27.71 385.94 36.69 390.25 50.12
00270 0.683133 172.69 37.91 166.32 26.61 145.01 38.63 151.38 49.93
00274 0.837411 233.47 450.55 241.37 422.20 173.43 403.25 165.53 431.60
00275 0.758920 497.72 429.64 491.83 407.70 450.62 418.76 456.51 440.70
00276 0.661143 564.48 357.76 546.30 333.55 505.78 363.97 523.96 388.19
00277 0.718885 598.16 461.32 575.31 437.12 534.00 476.11 556.84 500.32
00278 0.687672 555.07 463.03 581.04 482.67 620.14 430.97 594.17 411.33
00279 0.631547 575.75 364.80 597.31 379.35 620.19 345.46 598.62 330.91
00281 0.583215 526.59 195.24 553.47 193.32 549.87 143.00 522.99 144.93
00286 0.734292 444.01 123.07 466.62 110.17 444.61 71.61 422.00 84.51
00287 0.678628 337.38 87.62 348.37 63.86 298.54 40.82 287.55 64.57
00288 0.680724 285.58 129.48 300.54 100.00 240.09 69.30 225.12 98.78
00289 0.773808 203.01 76.62 200.54 56.11 154.69 61.63 157.16 82.14
00289 0.331336 413.44 50.62 425.20 42.46 410.97 21.93 399.21 30.08
00293 0.683828 451.29 162.37 453.49 130.65 389.76 126.21 387.56 157.94
00293 0.477287 51.95 114.19 69.34 110.35 64.74 89.54 47.35 93.38
00293 0.373226 423.11 136.25 412.66 121.24 386.64 139.35 397.09 154.36
00297 0.666953 115.64 167.55 112.74 135.31 54.20 140.57 57.10 172.81
00461 0.489985 249.31 26.88 258.56 7.36 231.37 -5.53 222.12 13.99
00462 0.463309 249.21 39.29 267.64 25.68 247.67 -1.36 229.23 12.25
00466 0.422420 270.19 40.49 273.27 17.07 241.01 12.82 237.92 36.24
00467 0.485328 270.66 39.12 272.01 16.44 241.83 14.63 240.48 37.31
00468 0.426193 284.44 34.58 283.45 12.77 252.59 14.16 253.57 35.97
00469 0.454122 367.80 23.79 365.80 7.22 337.85 10.60 339.85 27.17
00471 0.391830 625.29 140.94 655.52 124.24 621.97 63.52 591.75 80.22
00477 0.314298 527.13 517.34 556.01 508.57 543.07 465.94 514.18 474.71
00489 0.674170 448.88 56.69 466.82 56.17 465.75 19.08 447.81 19.60
00490 0.317196 470.73 69.45 489.07 69.66 489.47 35.88 471.13 35.66
00491 0.661959 495.17 102.71 514.74 102.82 514.95 64.70 495.38 64.60
00492 0.447888 521.75 188.43 541.72 188.31 541.48 148.01 521.51 148.12
00514 0.518676 586.58 186.24 598.23 165.25 557.97 142.91 546.32 163.89
00515 0.505022 150.00 267.38 161.34 254.66 136.17 232.21 124.83 244.93
00516 0.494203 429.68 92.62 436.64 75.12 400.71 60.83 393.75 78.33
00520 0.380762 238.20 26.92 242.36 5.14 207.98 -1.43 203.82 20.35
00534 0.318362 46.88 176.16 60.59 187.95 85.92 158.51 72.21 146.71
00536 0.494931 194.86 187.37 179.12 167.29 146.71 192.71 162.45 212.79
00541 0.524451 48.46 496.26 54.84 480.81 25.64 468.75 19.26 484.20
00552 0.940103 528.48 109.84 533.13 89.75 494.13 80.71 489.47 100.81
00552 0.327757 594.62 112.67 596.13 92.76 543.89 88.80 542.38 108.71
00553 0.921004 555.89 143.14 562.10 121.31 519.46 109.18 513.25 131.01
00554 0.927634 608.82 264.51 617.07 244.73 575.52 227.41 567.27 247.19
00554 0.603929 180.37 72.90 191.39 78.15 201.33 57.28 190.31 52.03
00555 0.847824 638.73 328.82 646.87 311.14 614.29 296.15 606.15 313.83
00555 0.717767 212.00 115.30 224.15 121.60 236.16 98.41 224.01 92.11
00555 0.346663 243.85 195.07 255.76 177.42 200.13 139.87 188.22 157.52
00556 0.597683 206.56 87.22 200.93 64.96 154.12 76.80 159.75 99.06
00556 0.569679 232.81 162.64 245.69 169.19 257.44 146.09 244.56 139.54
00557 0.534274 275.32 216.20 288.17 222.96 301.18 198.21 288.33 191.46
00558 0.616907 430.25 25.02 432.80 8.84 401.59 3.92 399.03 20.10
00558 0.523490 400.82 43.51 401.17 24.76 361.44 24.02 361.08 42.76
00558 0.377209 383.79 38.11 400.72 38.51 401.65 -1.96 384.72 -2.36
00558 0.350195 301.62 27.00 301.80 9.63 274.84 9.36 274.66 26.72
00559 0.796735 292.98 73.60 315.80 80.39 328.11 38.98 305.30 32.20
00559 0.777535 424.19 96.01 424.63 75.44 382.03 74.52 381.59 95.09
00559 0.573811 397.90 94.60 421.12 98.90 433.50 32.04 410.29 27.74
00559 0.467045 339.65 328.98 350.84 338.96 369.01 318.57 357.82 308.59
00559 0.353686 337.26 328.68 353.50 341.28 390.31 293.80 374.07 281.21
00560 0.816039 296.26 128.65 318.20 134.41 329.73 90.48 307.79 84.72
00560 0.737374 345.38 398.78 359.93 409.60 377.96 385.33 363.41 374.52
00560 0.601127 65.36 54.60 83.77 42.56 50.68 -8.03 32.27 4.01
00560 0.517701 447.74 390.52 457.76 396.23 470.99 372.99 460.97 367.29
00560 0.401194 71.54 55.65 86.61 41.49 64.32 17.77 49.25 31.92
00560 0.399771 343.26 398.17 360.38 410.43 397.75 358.23 380.63 345.97
00561 0.583180 581.86 325.95 606.24 327.61 610.66 262.69 586.28 261.03
00563 0.555003 334.97 102.76 342.53 107.25 351.25 92.55 343.70 88.07
00564 0.323778 312.31 300.84 320.66 305.79 330.70 288.87 322.35 283.91
00565 0.444873 219.81 438.88 229.97 441.93 236.11 421.51 225.95 418.45
00567 0.508916 312.09 128.54 320.04 115.30 297.33 101.68 289.39 114.93
00574 0.872042 166.54 164.42 178.70 173.37 198.28 146.75 186.13 137.80
00575 0.865058 159.22 260.44 172.42 269.27 189.85 243.20 176.64 234.37
00576 0.840344 147.36 441.14 162.41 450.26 181.92 418.05 166.87 408.93
00577 0.378356 123.30 403.19 136.89 403.19 136.88 375.06 123.29 375.07
00579 0.440062 260.23 361.22 273.67 372.53 297.53 344.19 284.09 332.88
00580 0.681559 252.68 421.63 270.83 434.15 296.18 397.39 278.03 384.87
00585 0.873728 389.35 40.90 391.95 21.95 352.38 16.52 349.78 35.47
00585 0.415466 301.83 29.54 312.31 10.79 289.41 -2.01 278.93 16.75
00586 0.915914 397.87 90.14 399.35 69.82 359.03 66.88 357.55 87.20
00697 0.791763 163.84 160.97 157.51 145.02 122.84 158.79 129.17 174.74
00698 0.692051 172.05 77.59 165.97 59.42 123.40 73.65 129.48 91.83
00699 0.333004 357.71 79.18 374.92 64.37 351.84 37.55 334.63 52.37
00703 0.765250 148.91 56.74 146.68 37.53 109.98 41.79 112.22 61.01
00703 0.357719 257.61 171.45 275.72 164.59 259.93 122.89 241.82 129.74
00714 0.558840 140.58 214.77 135.26 199.95 106.29 210.36 111.61 225.18
00725 0.820394 140.43 331.67 135.25 316.21 97.98 328.70 103.15 344.16
00725 0.602607 268.27 415.16 282.08 403.75 258.85 375.62 245.03 387.04
00736 0.635625 150.93 392.55 145.98 377.73 103.34 391.97 108.29 406.80
00738 0.508548 265.17 120.34 275.91 102.12 238.74 80.22 228.00 98.45
00739 0.616822 272.37 233.84 280.82 213.18 239.73 196.37 231.28 217.03
00743 0.378805 501.83 301.98 514.06 284.35 477.50 259.00 465.27 276.63
00744 0.348150 640.42 423.84 638.90 398.48 601.89 400.70 603.42 426.06
00760 0.346483 545.13 486.58 558.26 494.47 571.68 472.12 558.55 464.24
00768 0.716755 136.32 68.36 144.37 60.12 127.85 43.98 119.80 52.23
00772 0.507359 128.71 125.76 136.49 118.43 121.19 102.17 113.41 109.49
00780 0.772531 81.13 420.03 90.96 407.17 65.29 387.57 55.47 400.43
00781 0.802822 71.35 489.82 80.60 475.04 51.54 456.86 42.29 471.64
00794 0.340416 430.02 151.39 436.68 143.82 420.80 129.83 414.14 137.40
00898 0.591459 302.49 479.35 295.73 466.56 263.73 483.47 270.49 496.26
00906 0.416953 142.38 118.91 141.78 107.71 121.27 108.82 121.87 120.02
00908 0.373919 171.32 257.73 169.49 247.63 148.81 251.37 150.64 261.48
00909 0.703221 176.34 488.28 176.11 473.95 151.86 474.34 152.09 488.67
00930 0.757789 398.95 484.24 400.40 471.99 369.33 468.32 367.88 480.58
00931 0.378446 210.40 12.18 205.35 3.78 191.16 12.31 196.21 20.71
00933 0.436389 286.29 216.71 279.88 207.30 262.70 219.01 269.11 228.41
00995 0.756977 471.30 131.01 482.71 112.17 451.29 93.15 439.88 111.99
01052 0.374846 172.97 34.30 173.90 16.41 147.98 15.06 147.05 32.96
01112 0.607568 279.25 299.43 270.09 284.60 239.09 303.75 248.26 318.58
01113 0.302678 401.78 87.55 429.58 80.58 409.57 0.77 381.77 7.74
