00023 0.526246 356.22 178.34 375.84 185.59 403.82 109.88 384.20 102.63
00025 0.486905 356.51 414.30 376.23 421.19 402.34 346.39 382.62 339.50
00030 0.917636 348.65 434.93 368.17 433.67 363.16 355.94 343.65 357.19
00031 0.912712 319.94 139.57 335.68 138.51 331.43 75.69 315.69 76.75
00073 0.793069 336.42 87.22 355.58 94.34 378.23 33.39 359.07 26.26
00074 0.581232 304.25 169.14 323.50 176.88 346.36 119.98 327.11 112.25
00214 0.530755 141.91 82.66 159.76 82.54 159.27 8.79 141.42 8.91
00217 0.491853 499.15 151.24 518.53 151.51 519.37 91.03 499.99 90.76
00238 0.663376 461.35 251.53 447.77 237.24 405.04 277.83 418.62 292.12
00239 0.922150 558.34 52.90 573.46 66.62 610.14 26.20 595.01 12.47
00247 0.694373 198.83 96.13 213.32 88.32 187.06 39.61 172.57 47.43
00247 0.423215 228.08 58.15 243.90 48.04 214.53 2.05 198.70 12.15
00398 0.963854 337.45 149.39 331.06 120.33 258.02 136.37 264.41 165.43
00409 0.957166 362.49 136.60 354.34 105.86 283.63 124.60 291.77 155.34
00420 0.957168 402.58 108.67 395.35 80.36 330.57 96.91 337.80 125.22
00475 0.878359 643.89 214.73 638.89 177.53 571.32 186.61 576.31 223.81
00476 0.825163 652.87 257.87 642.06 224.83 593.34 240.76 604.15 273.80
00484 0.455437 305.36 208.61 330.80 203.01 308.21 100.36 282.78 105.95
00492 0.501205 638.19 54.55 645.00 36.20 616.72 25.72 609.92 44.08
00493 0.467563 568.94 47.31 582.46 34.78 556.61 6.89 543.09 19.43
00494 0.736719 594.21 121.77 608.78 109.67 581.02 76.26 566.45 88.37
00494 0.550748 562.03 123.65 567.11 106.97 533.17 96.64 528.09 113.31
00494 0.378739 511.57 279.88 536.12 278.38 531.20 197.97 506.64 199.47
00494 0.341272 606.46 109.09 616.69 99.26 595.43 77.13 585.20 86.96
00497 0.359331 523.93 353.95 551.32 352.22 545.86 266.01 518.47 267.74
00499 0.732357 560.34 510.21 590.88 507.28 580.86 402.75 550.32 405.68
00505 0.449332 325.99 476.42 352.17 478.75 359.58 395.72 333.40 393.38
00508 0.910933 364.62 91.35 385.63 95.37 395.56 43.51 374.56 39.49
00510 0.738753 637.00 250.67 658.60 231.02 605.27 172.41 583.67 192.06
00511 0.752546 637.64 216.55 656.23 196.00 611.86 155.83 593.26 176.38
00512 0.564449 573.83 131.01 580.41 115.21 540.56 98.61 533.97 114.40
00512 0.462841 528.15 50.14 532.17 36.35 494.37 25.35 490.36 39.14
00512 0.410314 582.21 122.55 589.17 106.27 546.25 87.90 539.29 104.17
00513 0.557993 440.56 40.93 445.52 22.06 406.96 11.92 402.00 30.79
00513 0.503910 444.73 22.00 448.52 7.70 413.07 -1.69 409.28 12.61
00513 0.387143 572.02 116.67 578.06 101.18 537.22 85.23 531.17 100.72
00523 0.824921 582.79 306.98 577.60 281.71 527.51 291.99 532.69 317.26
00529 0.919330 191.56 72.97 190.76 43.68 116.51 45.70 117.31 74.99
00533 0.849565 174.43 69.02 187.02 38.53 91.96 -0.72 79.37 29.77
00533 0.630811 202.60 48.32 214.99 18.23 123.51 -19.43 111.12 10.65
00534 0.598050 153.65 105.17 166.27 74.96 63.35 31.97 50.73 62.18
00535 0.785358 60.77 215.25 77.33 181.28 0.14 143.64 -16.42 177.61
00540 0.956059 245.68 136.20 240.42 104.25 166.38 116.44 171.64 148.39
00677 0.916127 289.84 42.95 309.34 52.83 330.70 10.71 311.20 0.82
00678 0.900373 209.41 91.16 229.78 102.81 256.98 55.24 236.61 43.59
00679 0.919945 98.06 154.97 119.53 168.47 153.53 114.39 132.06 100.90
00852 0.915008 250.39 105.38 261.43 76.15 145.75 32.46 134.71 61.69
00852 0.850816 261.79 83.89 273.57 54.95 155.34 6.82 143.56 35.75
00853 0.492059 229.08 332.87 247.53 310.67 146.94 227.05 128.49 249.25
01016 0.682780 137.83 146.92 160.15 145.85 157.27 85.38 134.95 86.45
01017 0.582914 128.24 251.93 152.75 251.09 150.50 185.85 126.00 186.70
01019 0.547529 185.03 409.51 209.83 411.36 215.34 337.32 190.55 335.47
01033 0.832563 132.73 133.19 156.03 138.64 175.01 57.47 151.71 52.02
01034 0.899467 56.81 399.12 82.72 405.67 106.35 312.10 80.43 305.56
01077 0.851175 115.79 65.17 136.45 49.18 101.52 4.04 80.86 20.02
01078 0.912192 111.99 172.01 131.92 155.08 88.88 104.41 68.95 121.33
01079 0.876658 263.87 320.81 288.15 311.12 261.26 243.71 236.98 253.39
01080 0.938738 450.61 474.44 480.63 475.27 482.80 397.40 452.79 396.56
01081 0.789181 45.61 428.66 68.15 445.29 111.55 386.45 89.01 369.82
01111 0.847609 359.43 63.51 373.84 46.62 331.23 10.26 316.82 27.15
01122 0.362877 394.26 173.63 411.03 155.89 377.00 123.71 360.23 141.46
01124 0.441618 129.05 191.12 140.61 169.02 99.51 147.52 87.95 169.62
01200 0.396189 131.21 262.18 129.54 252.89 108.95 256.59 110.61 265.88
01218 0.474813 185.84 466.65 178.48 457.85 158.06 474.96 165.43 483.75
01245 0.533737 602.57 197.53 607.91 188.97 589.58 177.52 584.24 186.07
01245 0.492308 617.62 194.40 624.48 185.19 603.11 169.27 596.25 178.48
01245 0.413851 604.96 189.50 609.48 182.79 595.06 173.07 590.54 179.77
01246 0.547570 610.71 214.11 615.58 206.47 597.26 194.78 592.39 202.42
01246 0.530252 626.78 209.07 633.31 199.31 612.20 185.18 605.66 194.94
01246 0.522162 614.46 208.62 619.52 201.14 604.14 190.73 599.07 198.21
01246 0.499121 610.32 223.85 617.32 212.51 593.88 198.05 586.89 209.39
01247 0.567326 632.42 231.80 637.90 221.01 612.13 207.92 606.64 218.71
01247 0.545742 622.87 240.16 627.62 230.06 603.29 218.60 598.53 228.70
01248 0.624551 639.05 267.04 646.24 254.08 617.80 238.30 610.60 251.26
01248 0.411629 637.67 263.01 642.46 253.20 624.18 244.28 619.39 254.09
01248 0.372061 636.96 254.60 643.67 243.66 624.05 231.63 617.34 242.57
01412 0.788309 260.80 45.74 273.92 39.48 256.22 2.33 243.09 8.59
01412 0.786261 246.25 53.17 260.27 46.85 242.29 6.94 228.27 13.25
01412 0.783058 307.68 26.48 322.72 22.83 316.15 -4.24 301.11 -0.59
01412 0.766082 289.68 33.28 304.89 29.13 295.45 -5.46 280.24 -1.31
01412 0.747912 273.54 39.35 287.06 33.83 272.57 -1.67 259.05 3.85
01412 0.699360 231.64 59.87 244.84 54.17 227.95 15.05 214.75 20.75
01412 0.684738 215.56 64.48 230.03 58.63 212.52 15.25 198.05 21.09
01412 0.469756 325.58 20.00 339.47 16.21 333.97 -3.90 320.09 -0.11
01413 0.691073 257.69 123.59 272.28 119.47 258.89 72.14 244.30 76.27
01413 0.614583 276.70 114.99 291.16 111.85 281.85 68.96 267.40 72.09
01413 0.573234 245.52 129.24 259.17 124.31 242.77 78.84 229.11 83.77
01413 0.553112 309.54 97.08 323.94 95.73 320.20 55.90 305.79 57.26
01413 0.541388 232.55 134.90 246.38 128.51 226.59 85.69 212.76 92.08
01413 0.437394 294.46 105.17 308.66 103.43 303.68 62.70 289.47 64.44
01413 0.370544 202.32 146.00 215.73 140.65 198.21 96.75 184.80 102.10
01413 0.326294 217.16 139.04 230.36 134.03 213.71 90.09 200.50 95.10
01414 0.791305 289.17 182.72 303.68 180.21 295.52 133.07 281.01 135.58
01414 0.768320 304.60 169.42 319.12 168.34 315.94 125.66 301.41 126.75
01414 0.765378 270.07 54.63 285.26 48.57 268.75 7.18 253.55 13.25
01414 0.722186 244.44 61.99 259.10 56.56 244.59 17.42 229.93 22.85
01414 0.697436 271.62 188.53 286.12 184.74 275.42 143.79 260.92 147.58
01414 0.627064 216.43 72.83 231.21 67.29 216.17 27.16 201.39 32.69
01414 0.585879 251.99 198.28 266.48 193.75 251.85 147.01 237.36 151.54
01414 0.563522 230.07 66.10 244.83 61.50 231.53 18.76 216.76 23.35
01414 0.531565 213.53 215.58 226.91 210.01 207.34 162.98 193.95 168.56
01414 0.530030 200.06 225.17 213.48 219.32 192.10 170.24 178.68 176.08
01414 0.524229 238.07 203.23 251.60 198.48 236.08 154.22 222.55 158.97
01414 0.502922 227.35 211.22 242.51 204.68 222.40 158.00 207.23 164.53
01414 0.459400 288.04 46.08 302.24 39.16 283.63 0.96 269.43 7.88
01414 0.370751 197.44 87.53 211.12 81.92 195.99 45.03 182.31 50.65
01415 0.780915 276.05 227.13 290.52 223.40 280.22 183.43 265.75 187.16
01415 0.773757 246.86 249.67 260.81 243.88 244.65 204.97 230.70 210.76
01415 0.772894 261.87 241.56 275.98 237.11 262.38 193.96 248.28 198.40
01415 0.734297 210.37 280.41 223.23 271.63 194.32 229.33 181.46 238.12
01415 0.724548 196.25 290.13 209.86 280.62 180.69 238.87 167.08 248.38
01415 0.682959 181.79 36.52 194.14 28.51 172.61 -4.67 160.27 3.34
01415 0.678996 232.44 262.86 245.93 254.61 220.81 213.53 207.32 221.77
01415 0.672108 224.56 116.58 237.88 108.73 213.95 68.13 200.63 75.99
01415 0.662404 169.59 44.32 181.89 35.82 157.47 0.49 145.16 8.99
01415 0.633872 172.70 144.65 187.18 137.14 166.06 96.39 151.57 103.90
01415 0.625996 131.34 69.89 144.16 62.35 119.84 21.01 107.02 28.55
01415 0.624859 203.09 127.73 217.48 119.61 194.64 79.12 180.25 87.24
01415 0.621644 240.93 101.64 253.40 93.67 230.67 58.10 218.20 66.07
01415 0.606941 145.77 64.38 157.95 56.80 130.52 12.78 118.34 20.37
01415 0.606421 158.33 154.51 173.59 146.48 151.06 103.72 135.81 111.75
01415 0.605697 196.52 27.62 208.47 19.44 189.83 -7.77 177.88 0.41
01415 0.600414 210.99 22.08 222.48 14.93 208.38 -7.73 196.89 -0.58
01415 0.597017 155.66 54.28 168.22 46.19 145.91 11.52 133.34 19.60
01415 0.567450 181.68 296.40 195.11 287.29 168.54 248.17 155.11 257.29
01415 0.556096 223.42 272.31 236.44 263.11 206.82 221.20 193.80 230.40
01415 0.552206 186.94 133.41 200.14 126.97 181.40 88.58 168.20 95.02
01415 0.531519 103.60 86.49 117.21 79.09 97.60 43.03 83.99 50.43
01415 0.352008 227.50 12.00 236.78 4.27 227.99 -6.29 218.71 1.44
01416 0.738662 184.11 384.46 193.64 372.24 152.99 340.54 143.46 352.76
01416 0.737410 202.41 359.16 212.59 346.53 171.30 313.25 161.12 325.88
01416 0.734384 111.27 121.51 121.19 109.44 84.80 79.54 74.88 91.61
01416 0.727651 121.76 111.11 132.00 98.75 94.83 67.98 84.59 80.34
01416 0.727334 193.01 372.02 202.21 359.05 161.86 330.41 152.65 343.38
01416 0.721834 219.67 333.77 232.20 323.74 202.50 286.64 189.98 296.67
01416 0.712376 231.02 314.07 241.55 306.38 217.63 273.66 207.11 281.35
01416 0.711567 240.93 300.35 253.19 291.67 230.72 259.93 218.47 268.61
01416 0.702882 140.74 86.68 150.79 74.12 115.45 45.83 105.39 58.38
01416 0.698818 89.32 145.78 99.71 133.18 64.62 104.26 54.23 116.86
01416 0.684347 130.27 98.19 140.54 86.03 105.15 56.13 94.87 68.29
01416 0.683652 152.61 72.94 163.60 60.05 130.39 31.75 119.40 44.64
01416 0.680618 63.90 187.15 74.01 173.68 34.85 144.30 24.74 157.77
01416 0.679575 165.83 194.08 175.97 181.60 142.22 154.15 132.07 166.62
01416 0.679283 208.51 78.59 221.45 90.07 252.00 55.64 239.06 44.16
01416 0.659286 211.79 345.48 222.09 333.45 184.23 301.06 173.94 313.09
01416 0.657919 131.39 238.47 143.31 224.09 108.70 195.42 96.79 209.80
01416 0.655580 81.18 158.66 90.98 145.59 53.62 117.56 43.82 130.62
01416 0.652991 101.10 133.06 111.40 120.98 76.16 90.92 65.86 102.99
01416 0.652407 184.89 58.75 197.43 67.81 225.24 29.30 212.70 20.25
01416 0.643629 172.36 52.40 186.12 61.72 212.50 22.74 198.75 13.43
01416 0.636499 72.29 171.41 81.70 158.30 44.42 131.56 35.01 144.67
01416 0.634506 117.67 252.15 128.64 239.90 94.68 209.49 83.71 221.75
01416 0.618462 155.96 211.16 166.48 198.47 129.23 167.59 118.71 180.29
01416 0.605694 142.40 229.09 153.28 217.07 117.08 184.32 106.20 196.34
01416 0.582098 107.73 271.87 121.20 258.16 81.34 219.01 67.87 232.72
01416 0.577120 33.98 218.74 44.47 208.06 11.82 176.02 1.34 186.70
01416 0.552388 173.25 397.37 183.37 384.64 144.96 354.10 134.84 366.83
01416 0.541813 23.30 231.68 32.67 219.00 0.20 195.01 -9.17 207.69
01416 0.493285 53.72 195.70 63.72 183.07 29.17 155.70 19.16 168.34
01417 0.783658 85.02 329.97 91.47 315.04 49.01 296.71 42.57 311.64
01417 0.782195 24.06 243.83 29.99 229.06 0.25 217.11 -5.69 231.88
01417 0.752707 182.95 408.18 190.89 396.73 157.73 373.76 149.80 385.22
01417 0.744112 187.41 390.93 196.57 378.24 163.43 354.29 154.26 366.99
01417 0.738382 177.92 424.23 184.97 412.39 148.76 390.82 141.70 402.66
01417 0.735212 171.50 455.27 176.68 442.76 128.51 422.79 123.32 435.30
01417 0.733178 27.46 228.94 33.50 214.73 -0.29 200.36 -6.34 214.56
01417 0.723627 44.97 200.57 53.47 183.47 6.97 160.38 -1.52 177.48
01417 0.722449 94.40 189.04 110.78 195.95 130.38 149.48 114.01 142.57
01417 0.712209 66.99 364.99 73.48 350.08 33.44 332.67 26.96 347.59
01417 0.701938 174.15 441.53 180.74 428.15 137.60 406.90 131.01 420.28
01417 0.701448 92.06 312.96 98.99 297.16 57.33 278.87 50.39 294.66
01417 0.695217 17.42 258.49 23.92 243.58 0.60 233.42 -5.89 248.33
01417 0.689256 168.02 468.58 173.02 455.52 124.42 436.92 119.42 449.98
01417 0.679208 72.90 351.75 79.53 338.34 41.59 319.58 34.96 332.98
01417 0.677568 35.21 218.41 41.58 203.82 1.15 186.18 -5.22 200.78
01417 0.670851 61.77 378.59 68.08 363.78 28.08 346.75 21.78 361.55
01417 0.616646 64.56 179.02 80.90 184.48 99.16 129.93 82.82 124.46
01417 0.614935 11.61 275.58 19.43 255.75 1.82 248.80 -6.00 268.64
01417 0.590044 160.70 485.39 167.03 470.21 122.10 451.47 115.77 466.66
01417 0.574665 51.48 175.00 68.90 179.55 81.23 132.41 63.81 127.85
01417 0.536775 152.04 497.96 158.07 483.90 118.96 467.13 112.93 481.19
01417 0.417435 8.83 291.02 14.69 273.97 0.25 269.00 -5.61 286.06
01418 0.789346 153.18 501.83 156.99 489.57 120.51 478.25 116.71 490.52
01418 0.764181 149.95 485.03 155.32 472.04 120.21 457.53 114.84 470.52
01418 0.699589 151.74 516.22 153.95 505.60 117.85 498.08 115.64 508.70
01418 0.606457 8.45 321.41 25.61 323.00 29.89 276.67 12.73 275.08
01418 0.535256 35.25 502.10 39.08 488.77 4.43 478.80 0.59 492.13
01418 0.486428 32.75 487.74 36.23 474.40 2.55 465.61 -0.93 478.94
01418 0.424343 36.18 473.40 38.93 461.44 2.69 453.11 -0.06 465.07
01418 0.419920 40.01 450.82 41.88 436.88 1.18 431.43 -0.69 445.36
01456 0.361308 64.35 493.30 77.99 493.41 78.35 448.91 64.72 448.80
