00020 0.560351 271.42 206.60 292.12 213.88 328.92 109.28 308.21 101.99
00024 0.372530 205.15 343.19 206.05 315.88 84.34 311.87 83.44 339.17
00030 0.665531 324.51 265.89 345.21 265.01 341.60 179.90 320.91 180.77
00037 0.689997 588.40 45.62 605.91 42.29 597.48 -2.02 579.97 1.31
00047 0.441094 294.61 167.53 310.61 168.80 316.66 92.58 300.66 91.32
00061 0.821130 292.81 507.61 312.46 526.37 393.38 441.61 373.73 422.85
00062 0.707730 497.12 276.14 519.06 291.74 587.40 195.67 565.47 180.07
00080 0.843643 296.84 489.50 324.98 500.75 380.74 361.28 352.60 350.03
00081 0.841670 367.16 298.02 392.63 308.05 447.06 169.87 421.59 159.83
00082 0.787323 289.71 428.29 314.51 438.56 362.31 323.19 337.51 312.92
00083 0.468753 398.15 127.66 425.23 138.98 476.44 16.46 449.36 5.14
00087 0.817773 316.30 495.91 340.62 506.42 403.78 360.35 379.47 349.84
00088 0.753325 403.16 208.45 426.82 218.73 485.98 82.59 462.32 72.30
00099 0.365951 205.05 427.83 229.27 436.56 264.88 337.80 240.65 329.07
00100 0.763904 335.40 102.66 354.11 109.58 382.49 32.85 363.77 25.93
00142 0.419022 448.19 358.80 466.84 370.75 519.05 289.26 500.39 277.31
00195 0.893597 163.59 238.70 153.60 211.67 21.14 260.62 31.13 287.65
00195 0.799546 438.43 278.68 425.70 252.57 278.58 324.26 291.30 350.37
00195 0.489429 122.58 224.51 112.52 200.65 59.76 222.89 69.82 246.75
00199 0.463552 439.32 248.77 433.72 224.59 330.42 248.52 336.02 272.70
00200 0.810649 458.29 276.21 450.57 248.48 348.61 276.84 356.33 304.58
00201 0.316824 569.28 77.13 555.98 55.75 478.73 103.81 492.03 125.19
00202 0.857539 400.15 512.46 418.21 485.16 331.31 427.65 313.24 454.95
00212 0.598116 88.70 156.82 106.71 147.41 73.92 84.61 55.90 94.02
00213 0.473453 207.41 358.94 228.73 346.98 177.47 255.61 156.15 267.57
00216 0.716364 581.61 228.23 579.83 191.58 431.06 198.81 432.84 235.46
00225 0.428232 236.82 144.11 226.77 124.41 155.77 160.65 165.83 180.35
00227 0.774354 626.87 157.01 638.82 140.11 588.80 104.76 576.85 121.66
00229 0.333451 513.27 224.06 515.82 199.04 453.51 192.69 450.96 217.71
00237 0.479125 127.55 407.70 108.93 384.55 27.46 450.08 46.08 473.22
00256 0.443779 398.45 194.78 408.48 174.13 327.57 134.85 317.54 155.50
00258 0.693104 400.06 196.63 409.55 177.21 327.97 137.34 318.48 156.76
00259 0.696758 388.67 356.71 399.03 335.42 318.97 296.47 308.61 317.77
00283 0.543952 609.43 483.86 626.81 466.01 581.44 421.83 564.06 439.68
00397 0.819835 446.37 291.53 469.96 294.38 478.85 220.84 455.25 217.99
00398 0.658204 275.51 518.33 302.89 508.97 288.37 466.47 260.99 475.83
00399 0.704511 154.25 505.95 189.21 516.83 219.79 418.57 184.84 407.69
00400 0.549942 251.76 206.30 274.07 212.81 291.76 152.10 269.45 145.60
00400 0.502443 318.25 17.12 336.50 19.18 338.56 1.00 320.31 -1.07
00400 0.483670 148.64 517.00 186.00 521.07 191.45 471.08 154.08 467.01
00401 0.750234 317.30 43.84 335.77 44.17 336.55 0.17 318.09 -0.16
00401 0.570988 244.49 255.53 265.45 263.26 284.44 211.78 263.48 204.04
00402 0.756127 233.52 323.75 257.17 333.40 281.19 274.52 257.54 264.87
00403 0.846128 312.26 138.28 330.39 138.62 331.58 75.83 313.45 75.49
00403 0.781255 224.58 414.03 248.78 422.59 274.69 349.26 250.49 340.70
00404 0.644452 208.51 508.58 244.27 521.04 271.33 443.42 235.57 430.96
00405 0.865527 301.28 365.52 323.58 365.96 325.53 266.56 303.23 266.12
00412 0.623391 543.04 460.88 574.46 452.25 546.97 352.08 515.55 360.70
00413 0.413495 608.92 517.41 642.24 505.71 598.53 381.25 565.21 392.96
00422 0.344904 230.36 38.93 246.27 24.13 209.29 -15.64 193.38 -0.85
00423 0.879453 221.33 85.66 236.26 73.54 197.52 25.80 182.59 37.91
00423 0.618356 181.71 40.34 196.16 28.50 159.72 -15.95 145.28 -4.11
00424 0.874091 236.64 138.66 253.40 124.90 208.01 69.64 191.26 83.40
00424 0.871998 187.71 86.62 204.66 73.57 159.48 14.94 142.54 28.00
00425 0.913958 278.88 205.08 296.47 191.12 234.20 112.73 216.61 126.70
00425 0.882355 330.73 263.68 348.82 248.55 292.78 181.53 274.69 196.66
00426 0.868612 335.67 311.23 355.77 295.07 278.14 198.49 258.04 214.65
00426 0.854739 390.23 375.98 409.63 360.04 346.25 282.93 326.86 298.87
00426 0.635963 84.81 24.41 97.73 9.99 70.80 -14.15 57.88 0.27
00427 0.911415 382.07 418.67 405.74 401.43 318.98 282.29 295.30 299.53
00427 0.891165 94.54 72.56 110.24 60.62 74.19 13.23 58.49 25.18
00427 0.884694 449.12 493.92 471.17 476.04 394.86 381.91 372.80 399.79
00428 0.900260 197.44 152.32 216.21 138.91 174.35 80.30 155.58 93.70
00428 0.884044 471.90 527.85 500.48 510.41 450.61 428.67 422.03 446.11
00429 0.901291 225.55 208.03 244.59 194.89 200.97 131.70 181.93 144.84
00430 0.914550 308.04 362.27 328.55 347.43 266.20 261.27 245.70 276.10
00432 0.892542 332.45 421.98 355.26 406.16 293.42 316.99 270.61 332.81
00433 0.900177 371.91 475.82 394.25 459.84 326.50 365.12 304.16 381.10
00434 0.858312 487.30 530.20 510.41 511.79 450.24 436.26 427.13 454.68
00447 0.736755 90.84 237.77 109.33 226.27 62.25 150.55 43.76 162.05
00447 0.691084 153.03 333.70 175.71 318.87 117.44 229.71 94.76 244.53
00448 0.356512 219.26 399.79 240.03 384.09 167.57 288.27 146.80 303.98
00449 0.756508 300.57 475.96 322.56 456.47 231.47 353.68 209.48 373.18
00450 0.627359 370.34 530.52 391.50 509.25 310.18 428.36 289.02 449.64
00454 0.437704 311.24 239.20 322.12 222.58 272.50 190.12 261.63 206.73
00463 0.871269 393.37 117.49 412.87 116.20 407.26 31.02 387.76 32.30
00463 0.770470 395.54 445.21 423.51 445.53 424.53 355.49 396.56 355.17
00463 0.733133 378.59 31.29 397.85 25.34 388.13 -6.12 368.87 -0.17
00469 0.641498 514.67 326.55 512.53 301.86 436.57 308.45 438.71 333.14
00473 0.603665 626.16 69.73 623.98 51.24 582.03 56.19 584.21 74.68
00473 0.557939 640.72 96.76 634.44 61.10 514.78 82.20 521.07 117.86
00473 0.453741 645.17 138.67 641.38 102.82 530.25 114.55 534.04 150.41
00474 0.925599 375.24 212.53 400.01 210.30 391.06 110.96 366.29 113.19
00474 0.893332 355.49 107.49 378.12 102.58 360.01 19.19 337.39 24.10
00475 0.357543 647.53 170.86 641.19 135.00 550.89 150.97 557.23 186.83
00476 0.516786 645.99 215.91 637.42 181.53 575.67 196.92 584.25 231.30
00477 0.304137 631.45 347.45 653.85 325.70 631.71 302.89 609.31 324.64
00484 0.463600 303.85 207.12 329.02 201.59 307.07 101.64 281.90 107.17
00485 0.879824 359.48 154.14 382.03 149.36 362.94 59.47 340.39 64.26
00485 0.862891 380.41 276.26 406.87 273.93 396.97 161.58 370.52 163.91
00486 0.452248 322.59 310.38 349.34 304.43 323.51 188.28 296.77 194.23
00487 0.328351 329.59 464.14 358.14 458.56 330.69 317.92 302.13 323.49
00495 0.426167 516.97 304.45 542.24 302.59 536.24 221.16 510.97 223.02
00496 0.910350 363.85 214.06 387.31 209.29 366.77 108.27 343.31 113.04
00496 0.892976 388.51 349.04 414.77 346.65 403.55 223.49 377.30 225.88
00496 0.838790 384.81 294.47 406.81 292.62 400.86 221.95 378.87 223.80
00496 0.342821 267.41 511.58 289.80 511.22 288.75 444.76 266.37 445.11
00497 0.510400 525.30 351.66 550.08 349.77 543.70 266.05 518.92 267.93
00498 0.671192 538.37 422.17 565.64 420.33 559.08 322.89 531.80 324.73
00507 0.877185 365.56 264.30 389.83 259.68 368.73 149.09 344.47 153.72
00507 0.860007 391.34 411.29 424.72 408.06 411.83 274.87 378.45 278.10
00507 0.423887 390.65 356.30 413.81 353.90 405.91 277.64 382.75 280.04
00510 0.618341 639.24 252.47 660.88 231.30 603.87 173.04 582.23 194.21
00511 0.778714 635.90 217.73 655.05 197.17 610.90 156.05 591.75 176.61
00512 0.636969 544.06 207.12 560.21 185.63 492.74 134.93 476.59 156.42
00513 0.706358 545.61 191.19 561.08 169.15 492.30 120.90 476.84 142.95
00514 0.586361 488.16 161.03 503.43 137.79 434.76 92.70 419.50 115.94
00515 0.650729 487.11 127.82 500.77 105.25 433.65 64.62 419.99 87.19
00516 0.543262 343.90 79.00 353.23 57.90 284.15 27.35 274.81 48.45
00517 0.377157 346.36 42.29 355.09 21.49 288.62 -6.42 279.88 14.38
00518 0.914936 380.82 319.47 406.90 314.36 383.35 194.10 357.28 199.21
00518 0.879352 409.37 489.26 443.68 486.04 429.72 337.05 395.41 340.26
00529 0.887362 389.79 419.56 421.52 412.98 392.57 273.26 360.84 279.84
00529 0.863891 418.10 513.37 447.28 509.60 438.45 441.32 409.27 445.09
00538 0.451878 37.80 108.34 43.37 86.10 1.01 75.47 -4.57 97.72
00540 0.810446 299.53 520.88 331.80 509.17 293.06 402.48 260.79 414.20
00543 0.902316 431.63 38.78 450.21 50.65 482.54 0.07 463.96 -11.80
00544 0.908683 346.69 85.92 372.24 98.06 410.82 16.82 385.27 4.68
00544 0.597776 411.64 15.38 414.36 0.32 394.55 -3.26 391.83 11.80
00545 0.906747 359.92 48.99 377.08 61.48 414.51 10.03 397.35 -2.46
00545 0.867733 322.48 140.84 344.13 150.23 376.19 76.38 354.54 66.99
00545 0.539049 247.87 91.35 246.91 74.80 211.33 76.86 212.29 93.40
00546 0.942247 297.31 204.51 322.78 215.29 360.75 125.54 335.28 114.76
00546 0.937988 339.91 102.61 359.77 115.11 401.98 48.09 382.12 35.58
00547 0.915521 310.23 167.30 330.79 178.26 374.64 96.06 354.08 85.09
00547 0.910822 268.31 281.87 296.22 291.30 330.82 188.94 302.91 179.51
00548 0.934222 306.72 237.77 329.88 248.71 374.80 153.66 351.65 142.72
00548 0.909938 260.64 369.97 290.18 379.39 327.36 262.91 297.81 253.48
00549 0.917319 252.19 483.44 287.13 492.41 323.55 350.63 288.60 341.66
00549 0.915848 302.63 321.37 327.29 333.07 375.60 231.23 350.95 219.54
00549 0.483588 446.47 61.23 461.22 69.03 482.65 28.51 467.90 20.71
00549 0.331151 156.07 394.60 152.52 363.96 96.57 370.43 100.11 401.07
00550 0.906834 233.67 449.58 264.09 459.32 303.59 335.97 273.17 326.23
00550 0.362961 228.73 511.29 252.57 512.93 254.84 480.18 231.00 478.53
00551 0.406620 342.12 41.49 354.52 40.72 352.02 0.39 339.62 1.16
00552 0.713731 219.57 165.73 233.79 167.46 241.54 104.00 227.32 102.27
00552 0.496587 334.63 85.93 348.19 86.75 350.79 43.61 337.22 42.79
00553 0.581901 239.04 187.79 254.41 190.36 265.30 125.31 249.93 122.73
00554 0.704314 269.63 305.99 284.71 309.35 300.02 240.63 284.94 237.28
00554 0.564417 400.92 217.83 414.35 219.02 418.27 175.06 404.84 173.86
00554 0.395246 337.59 508.41 355.22 511.29 364.95 451.79 347.33 448.90
00555 0.778096 293.98 365.79 309.84 369.46 327.32 293.97 311.46 290.30
00555 0.525147 271.00 369.72 287.44 374.24 312.46 283.18 296.02 278.66
00556 0.725298 310.88 431.93 326.78 435.80 346.05 356.58 330.16 352.71
00556 0.482295 456.38 338.87 471.80 340.91 477.87 295.20 462.44 293.15
00557 0.612140 337.26 505.86 353.99 511.03 379.30 429.14 362.57 423.97
00558 0.461012 531.33 502.28 548.30 506.43 560.44 456.83 543.47 452.67
00562 0.570303 347.22 113.63 359.47 112.95 356.21 53.96 343.96 54.63
00573 0.542693 355.79 212.46 369.02 211.73 365.64 150.68 352.40 151.41
00581 0.844902 366.23 367.62 381.33 366.56 376.68 300.36 361.58 301.42
00581 0.449330 387.98 357.68 401.91 354.89 389.47 292.96 375.55 295.76
00582 0.853959 373.19 509.81 388.83 508.91 384.78 438.40 369.14 439.30
00582 0.709718 397.12 506.66 413.03 503.43 399.04 434.45 383.13 437.68
00584 0.857367 111.21 39.64 124.65 39.20 123.34 -1.37 109.91 -0.94
00584 0.428281 93.04 49.59 107.69 49.63 107.82 -0.01 93.17 -0.05
00585 0.711015 101.13 140.87 115.75 140.82 115.56 78.86 100.93 78.91
00585 0.643610 199.54 43.39 211.01 42.75 208.87 4.37 197.41 5.00
00585 0.497279 82.84 147.72 98.60 147.80 98.97 71.40 83.21 71.33
00586 0.607237 100.48 197.82 115.26 197.92 115.70 133.84 100.93 133.74
00586 0.456752 81.97 204.68 98.11 204.52 97.34 126.59 81.20 126.75
00726 0.673056 392.28 150.13 396.56 130.59 348.25 120.03 343.98 139.57
00727 0.611555 199.17 303.96 202.31 283.78 156.01 276.59 152.88 296.77
00728 0.680849 61.21 315.25 64.69 295.56 16.46 287.05 12.99 306.74
00793 0.672940 346.99 106.50 358.66 92.05 294.83 40.50 283.16 54.94
00799 0.637644 530.83 229.09 541.18 215.97 494.14 178.83 483.78 191.95
00961 0.371485 611.83 227.69 625.44 239.64 656.12 204.73 642.51 192.78
01043 0.513166 528.38 487.10 556.85 479.43 531.51 385.31 503.03 392.98
01044 0.720697 548.47 473.99 579.93 458.67 510.55 316.18 479.08 331.50
01045 0.694391 545.75 346.92 562.71 328.93 466.65 238.41 449.69 256.41
01046 0.614496 598.55 322.31 620.22 295.48 502.09 200.07 480.42 226.90
01051 0.861990 508.24 174.16 515.17 138.10 379.42 111.99 372.48 148.05
01052 0.575999 423.42 174.81 425.39 138.79 277.24 130.71 275.28 166.73
01055 0.619725 488.56 181.46 486.18 138.97 342.27 147.04 344.66 189.53
01055 0.306634 467.87 57.43 469.14 33.75 367.08 28.26 365.81 51.94
01062 0.575969 636.64 271.28 641.61 234.90 560.21 223.77 555.23 260.15
01062 0.525419 501.52 130.15 507.17 90.13 336.67 66.06 331.02 106.08
01111 0.825727 468.32 6.42 449.88 -16.20 370.12 48.82 388.56 71.45
01112 0.569998 602.53 139.03 583.59 112.63 484.15 183.98 503.09 210.38
