00023 0.997183 233.61 295.86 251.66 283.92 213.51 226.24 195.46 238.17
00025 0.510733 222.62 521.69 240.76 510.81 212.50 463.72 194.36 474.60
00071 0.913735 236.62 128.73 257.16 137.37 284.15 73.20 263.61 64.56
00072 0.940899 123.04 400.44 143.35 409.34 171.62 344.82 151.31 335.92
00085 0.267084 482.68 141.16 499.43 148.19 522.67 92.86 505.92 85.83
00101 0.372687 314.17 191.10 333.69 197.76 353.04 141.04 333.52 134.38
00199 0.936840 593.13 256.39 583.12 222.89 467.89 257.32 477.90 290.82
00199 0.744661 441.31 252.16 433.86 223.24 330.16 249.94 337.61 278.87
00201 0.285395 458.69 249.22 444.80 226.72 354.30 282.61 368.20 305.11
00206 0.598029 104.71 172.07 121.51 157.13 67.52 96.44 50.72 111.38
00206 0.315841 222.76 182.56 241.29 163.77 197.44 120.54 178.91 139.33
00210 0.812901 180.37 97.66 199.43 82.12 156.07 28.93 137.01 44.47
00211 0.916495 189.29 113.46 208.87 98.14 166.93 44.52 147.35 59.84
00212 0.706415 239.48 177.70 260.07 163.32 216.13 100.41 195.53 114.79
00214 0.838457 141.68 83.16 160.59 82.89 159.48 6.45 140.56 6.73
00302 1.000000 99.84 292.76 118.76 293.71 121.50 239.08 102.57 238.13
00303 1.000000 494.71 75.83 507.09 51.69 438.53 16.52 426.15 40.66
00303 0.992980 81.64 464.12 101.50 464.51 102.65 404.97 82.80 404.58
00344 0.424432 155.73 491.24 183.23 481.85 156.18 402.59 128.67 411.98
00378 0.387995 338.14 359.35 330.01 340.41 273.66 364.60 281.79 383.54
00379 0.255712 263.73 367.72 255.91 348.96 196.38 373.80 204.21 392.56
00385 0.902791 235.54 402.41 255.08 399.26 243.40 326.94 223.85 330.10
00397 0.802244 466.46 32.30 487.72 31.85 487.05 -0.46 465.79 -0.02
00397 0.254527 371.18 125.01 387.30 126.21 391.40 71.32 375.27 70.11
00399 0.942665 337.25 58.02 352.21 58.83 354.33 19.17 339.37 18.37
00400 1.000000 311.43 83.78 328.19 85.08 331.64 40.46 314.88 39.17
00400 0.736332 315.17 394.49 336.19 396.94 345.20 319.67 324.18 317.22
00401 0.898394 309.81 121.73 327.83 122.45 329.81 73.35 311.78 72.62
00401 0.543869 310.10 470.13 334.29 473.52 346.58 385.86 322.39 382.47
00402 1.000000 307.80 164.22 324.46 165.16 327.03 119.33 310.38 118.39
00403 1.000000 303.63 226.52 323.25 227.01 324.60 173.53 304.98 173.03
00404 0.899257 300.02 300.91 321.59 301.06 322.03 238.61 300.46 238.46
00405 0.783041 519.25 505.85 539.63 516.32 564.92 467.10 544.53 456.63
00405 0.313621 286.79 495.94 311.70 497.20 316.15 409.47 291.24 408.21
00430 0.282069 560.88 522.76 572.70 499.74 542.68 484.32 530.86 507.34
00434 0.589005 93.89 431.16 80.00 412.03 36.28 443.75 50.16 462.89
00435 0.822467 168.87 484.09 154.23 465.45 113.99 497.06 128.63 515.70
00437 0.362379 443.19 276.21 458.20 259.74 413.87 219.33 398.86 235.79
00444 0.637114 36.98 23.33 33.81 11.62 0.00 20.76 3.17 32.46
00444 0.523357 45.41 33.16 42.20 22.30 9.08 32.09 12.29 42.95
00444 0.378919 50.92 41.80 47.83 31.60 16.32 41.15 19.41 51.35
00445 0.496942 17.04 250.43 36.96 240.45 3.20 173.06 -16.72 183.04
00445 0.391277 190.24 203.75 201.44 193.43 175.12 164.86 163.92 175.18
00446 0.394747 0.43 271.79 7.50 270.75 4.69 251.63 -2.37 252.67
00447 0.357069 53.01 337.71 76.14 323.68 34.90 255.67 11.77 269.70
00456 0.610427 350.70 129.13 361.77 111.50 301.02 73.36 289.95 90.99
00457 0.647260 357.39 167.37 369.69 148.19 303.94 106.06 291.65 125.24
00458 0.421146 168.86 90.61 180.81 75.37 144.96 47.27 133.01 62.51
00461 0.606761 88.73 348.37 107.90 345.05 99.49 296.36 80.31 299.67
00464 0.412646 107.12 370.86 123.56 367.24 113.91 323.39 97.47 327.01
00464 0.371889 406.16 510.26 404.10 493.61 352.79 499.95 354.85 516.60
00465 0.739166 105.75 158.82 126.50 153.46 113.26 102.23 92.51 107.60
00466 0.571087 136.33 274.39 158.34 268.60 143.11 210.74 121.10 216.53
00467 0.853259 646.22 262.84 639.86 235.63 582.02 249.15 588.38 276.36
00468 0.878336 618.04 273.17 612.05 245.02 537.83 260.81 543.82 288.97
00468 0.758535 116.50 376.41 136.42 372.23 125.41 319.69 105.49 323.86
00469 0.575278 180.48 375.07 199.78 372.64 192.70 316.40 173.40 318.83
00469 0.297680 515.77 327.75 513.83 302.40 436.77 308.29 438.70 333.64
00470 0.771519 499.94 353.90 499.29 329.11 419.63 331.21 420.29 356.01
00470 0.355058 188.53 402.96 209.83 400.62 203.14 339.70 181.83 342.04
00471 1.000000 478.24 459.26 473.40 429.13 384.13 443.45 388.97 473.58
00472 0.422217 588.77 35.67 584.72 -1.50 471.17 10.87 475.22 48.05
00472 0.314730 612.04 62.09 608.18 26.18 483.84 39.54 487.70 75.44
00482 0.622440 0.62 48.88 19.57 47.97 17.35 1.74 -1.61 2.65
00482 0.462281 25.92 198.17 47.16 195.09 41.09 153.31 19.86 156.39
00486 0.426654 -2.98 429.82 18.25 431.53 22.19 382.73 0.96 381.02
00486 0.511799 559.81 333.47 575.45 329.24 564.77 289.84 549.13 294.08
00486 0.276595 30.79 425.39 51.42 424.12 48.55 377.65 27.92 378.93
00495 0.257986 599.74 140.34 615.15 127.91 587.68 93.85 572.27 106.27
00496 0.368916 265.50 512.49 290.32 512.41 290.10 445.52 265.27 445.60
00501 0.266773 217.71 471.45 237.08 474.16 243.98 424.82 224.62 422.11
00501 0.271152 299.43 88.84 314.82 92.96 323.44 60.80 308.06 56.67
00502 0.698427 325.95 16.98 341.19 22.07 348.47 0.24 333.24 -4.84
00502 0.378823 87.13 23.07 91.18 7.69 63.37 0.37 59.33 15.75
00503 0.898932 315.88 72.12 330.50 77.78 342.84 45.91 328.21 40.25
00503 0.253956 282.75 173.67 298.72 178.05 308.29 143.11 292.33 138.74
00504 0.986807 329.62 91.80 345.25 97.31 357.45 62.68 341.82 57.17
00504 0.376495 -20.96 366.09 5.14 379.25 39.59 310.95 13.49 297.79
00505 0.704882 334.33 91.55 350.22 96.94 362.09 61.95 346.20 56.56
00505 0.556090 327.75 475.58 351.43 477.40 357.66 396.64 333.97 394.82
00505 0.422401 303.24 199.61 319.45 203.46 328.39 165.79 312.19 161.94
00505 0.304420 441.99 22.19 455.60 27.72 466.24 1.54 452.63 -3.99
00506 0.962774 334.98 409.05 358.06 410.96 364.12 337.76 341.04 335.85
00506 0.896297 333.41 92.08 349.75 97.37 361.24 61.90 344.90 56.61
00506 0.457550 441.17 21.27 455.47 27.94 468.17 0.70 453.87 -5.97
00506 0.372114 302.73 199.66 318.89 203.55 327.87 166.30 311.70 162.41
00512 0.597380 539.58 523.13 558.06 503.80 523.64 470.89 505.16 490.21
00513 0.682174 566.27 515.04 584.58 494.58 536.44 451.48 518.13 471.93
00517 0.942407 593.66 468.94 613.81 475.14 630.34 421.38 610.20 415.19
00517 0.770035 621.55 484.78 640.05 486.30 644.62 430.80 626.12 429.27
00517 0.342834 11.60 340.00 17.40 322.37 -7.11 314.32 -12.90 331.94
00519 0.891912 477.24 377.02 497.99 381.76 509.23 332.54 488.48 327.80
00519 0.332566 284.67 220.48 292.64 202.60 253.48 185.14 245.51 203.03
00519 0.289183 505.19 383.11 522.82 387.15 532.76 343.69 515.13 339.65
00520 0.358660 441.91 370.11 462.04 373.63 470.71 324.09 450.58 320.57
00520 0.308137 241.46 223.48 249.01 205.30 209.65 188.95 202.10 207.14
00521 0.762625 582.37 385.58 601.11 381.52 592.47 341.65 573.73 345.71
00521 0.712085 138.30 237.94 143.72 218.43 100.69 206.46 95.26 225.97
00521 0.383862 377.08 366.23 394.98 367.49 397.91 325.79 380.00 324.54
00521 0.324697 350.22 363.66 370.07 365.00 373.33 316.79 353.49 315.45
00522 0.853737 465.52 359.71 483.08 353.00 468.59 315.08 451.03 321.79
00522 0.355623 236.21 366.37 257.20 365.36 254.83 316.16 233.84 317.17
00523 0.938987 157.89 377.76 178.38 375.58 173.11 326.09 152.61 328.28
00523 0.594658 185.37 374.13 202.83 372.36 198.35 328.29 180.89 330.07
00523 0.423014 385.12 350.84 402.78 342.97 385.89 305.04 368.22 312.90
00523 0.326748 208.44 371.84 230.23 368.82 223.80 322.35 202.01 325.37
00523 0.251899 630.85 353.83 641.09 354.06 641.56 333.56 631.32 333.33
00524 1.000000 107.38 387.81 126.63 384.35 117.84 335.48 98.60 338.93
00524 0.686046 637.73 55.76 655.37 41.38 631.97 12.67 614.33 27.05
00524 0.335306 334.09 347.25 350.44 338.91 331.81 302.39 315.46 310.73
00524 0.351614 133.50 382.86 151.38 379.90 144.40 337.68 126.52 340.63
00525 0.890950 595.77 83.57 589.78 62.57 535.75 77.98 541.74 98.98
00525 0.454360 -0.09 470.60 21.51 465.07 7.17 409.05 -14.43 414.58
00526 0.986813 494.87 99.23 486.85 78.00 436.62 96.98 444.64 118.21
00526 0.541519 154.06 465.88 170.59 454.06 143.37 416.01 126.85 427.83
00527 0.935133 474.71 127.17 464.86 105.55 414.62 128.43 424.47 150.05
00528 0.700312 405.04 158.99 395.01 139.50 344.32 165.59 354.35 185.08
00530 0.791980 354.29 183.93 342.34 165.19 292.53 196.95 304.47 215.69
00531 0.324043 251.00 193.72 237.37 175.06 188.52 210.71 202.14 229.38
00532 0.543370 182.59 219.28 169.09 202.26 120.54 240.76 134.04 257.79
00532 0.397583 307.22 183.49 321.81 196.48 350.31 164.45 335.71 151.46
00533 1.000000 119.89 303.88 103.79 285.76 52.66 331.16 68.76 349.29
00533 0.697780 103.23 401.21 118.83 414.47 153.37 373.86 137.78 360.59
00534 0.981847 95.58 368.15 79.14 349.97 22.32 401.36 38.77 419.54
00534 0.457921 187.70 84.91 200.75 52.95 97.67 10.87 84.62 42.83
00535 0.514870 98.26 179.80 110.24 148.25 3.45 107.72 -8.52 139.27
00536 0.487356 18.45 223.75 33.54 198.18 0.94 178.94 -14.15 204.52
00537 0.594988 -12.00 242.08 12.21 248.58 20.12 219.12 -4.09 212.62
00537 0.255886 56.41 453.60 69.01 421.24 4.35 396.07 -8.25 428.44
00548 0.600471 470.27 122.98 484.33 129.34 504.01 85.84 489.95 79.48
00549 0.496003 479.92 189.69 497.28 196.46 517.93 143.49 500.58 136.72
00550 0.866990 436.16 28.87 451.30 30.90 455.48 -0.16 440.34 -2.20
00550 0.705889 420.57 276.02 438.51 280.18 452.51 219.79 434.57 215.63
00550 0.554867 375.42 118.91 390.15 126.54 410.44 87.38 395.71 79.75
00552 1.000000 478.05 275.00 478.93 257.97 430.67 255.48 429.79 272.51
00552 1.000000 448.70 362.76 451.01 344.90 400.42 338.35 398.11 356.21
00552 1.000000 559.41 302.95 565.24 285.41 512.97 268.02 507.13 285.56
00552 1.000000 450.43 396.00 454.66 379.05 405.81 366.86 401.58 383.81
00552 1.000000 461.60 349.58 464.16 330.96 412.98 323.93 410.42 342.55
00552 1.000000 471.97 335.21 474.00 317.81 423.48 311.92 421.45 329.32
00552 1.000000 324.89 224.29 339.01 215.78 314.57 175.27 300.46 183.79
00552 1.000000 473.45 319.40 475.16 301.83 424.90 296.94 423.19 314.51
00553 1.000000 322.99 194.22 335.72 193.88 334.53 148.90 321.80 149.24
00553 1.000000 480.74 387.43 483.85 368.67 432.21 360.12 429.10 378.88
00553 1.000000 467.22 399.69 470.09 382.54 417.84 373.79 414.97 390.94
00553 1.000000 500.58 309.64 501.38 291.67 450.64 289.42 449.84 307.38
00553 1.000000 493.00 373.98 495.72 354.49 443.62 347.22 440.90 366.70
00553 1.000000 493.65 357.02 496.29 338.07 444.62 330.87 441.98 349.82
00553 1.000000 469.62 434.62 474.28 417.94 423.45 403.76 418.80 420.44
00553 1.000000 578.55 341.38 584.67 323.58 536.16 306.92 530.05 324.72
00553 0.302948 530.47 362.70 546.27 369.85 563.37 332.05 547.57 324.90
00554 1.000000 544.62 454.98 546.47 435.13 492.73 430.11 490.87 449.96
00554 1.000000 535.79 510.61 540.09 489.69 483.36 478.02 479.06 498.94
00554 1.000000 366.88 197.29 380.29 199.02 386.06 154.41 372.65 152.68
00554 0.983047 629.31 493.64 636.96 474.70 584.17 453.39 576.53 472.33
00554 0.856984 527.43 521.03 530.22 505.62 482.36 496.94 479.56 512.35
00554 0.565886 556.40 508.43 570.92 515.41 590.99 473.70 576.46 466.72
00555 1.000000 405.99 211.95 419.62 214.14 426.59 170.64 412.95 168.45
00556 0.916694 435.82 233.72 449.28 236.46 458.37 191.71 444.91 188.98
00557 0.981227 488.22 267.95 501.29 271.19 512.66 225.38 499.59 222.13
00558 0.984885 545.47 308.02 558.96 312.10 572.66 266.78 559.16 262.70
00559 0.916875 579.07 346.86 592.33 351.22 607.97 303.63 594.71 299.27
00560 0.767938 603.73 383.97 617.27 388.01 631.72 339.63 618.18 335.58
00568 0.312469 303.05 174.69 314.60 183.46 337.78 152.92 326.22 144.15
00581 0.372718 400.23 50.39 413.67 46.42 399.50 -1.53 386.06 2.45
00582 0.457904 410.92 149.60 422.26 146.55 415.18 120.21 403.85 123.25
00584 1.000000 437.35 103.16 439.04 86.74 393.36 82.04 391.67 98.47
00584 1.000000 351.94 168.29 351.27 151.25 303.03 153.15 303.70 170.20
00584 1.000000 363.75 92.58 362.25 77.84 318.33 82.33 319.84 97.07
00584 1.000000 358.42 106.27 357.11 90.94 312.69 94.74 314.00 110.07
00584 1.000000 356.83 195.52 357.93 178.31 313.17 175.44 312.06 192.64
00584 1.000000 364.98 129.58 364.17 113.76 318.93 116.08 319.75 131.91
00584 0.984445 367.28 142.04 366.61 126.46 320.66 128.44 321.33 144.02
00584 0.969538 360.51 155.76 360.02 139.62 311.97 141.08 312.46 157.22
00585 1.000000 343.84 217.63 343.13 200.68 294.97 202.69 295.67 219.64
00585 1.000000 365.50 270.41 364.99 253.29 316.20 254.75 316.72 271.87
00585 1.000000 355.67 284.44 355.14 268.57 305.98 270.20 306.50 286.07
00585 1.000000 369.03 199.75 367.15 182.81 319.96 188.06 321.84 204.99
00585 1.000000 364.07 316.28 365.22 297.87 314.92 294.72 313.77 313.13
00585 1.000000 445.37 212.82 447.81 194.79 402.47 188.63 400.02 206.67
00585 1.000000 371.07 242.72 370.18 224.62 321.79 226.98 322.67 245.08
00585 0.984339 374.46 256.74 373.54 240.29 323.58 243.08 324.50 259.53
00585 0.474755 389.39 236.30 402.39 238.94 409.79 202.60 396.79 199.96
00586 1.000000 364.94 350.93 364.10 333.19 311.57 335.68 312.41 353.42
00586 1.000000 373.36 335.06 372.82 317.22 322.73 318.72 323.26 336.56
00586 1.000000 279.04 271.58 285.77 255.86 240.94 236.65 234.20 252.36
00586 1.000000 372.48 381.84 373.27 364.12 321.49 361.81 320.70 379.53
00586 1.000000 376.15 259.78 373.66 242.07 325.92 248.78 328.41 266.49
00586 1.000000 378.73 304.79 377.86 287.02 328.79 289.42 329.66 307.20
00586 0.997072 381.56 319.88 381.05 301.73 330.55 303.14 331.06 321.29
00586 0.995155 456.70 270.69 458.47 252.24 408.95 247.47 407.17 265.92
00587 1.000000 202.82 53.29 200.56 20.97 90.59 28.64 92.85 60.96
00587 1.000000 194.26 92.44 191.68 59.29 81.85 67.83 84.43 100.98
00587 1.000000 429.04 191.59 427.54 161.54 317.83 167.01 319.33 197.06
00587 1.000000 204.70 199.18 200.92 169.44 92.48 183.22 96.25 212.96
00587 0.925470 201.41 16.35 200.26 -5.47 91.44 0.26 92.59 22.08
00588 1.000000 189.43 363.91 187.77 337.35 104.57 342.54 106.22 369.10
00588 1.000000 208.55 438.85 205.03 408.18 93.91 420.95 97.43 451.62
00588 1.000000 612.22 326.83 642.69 316.13 605.97 211.62 575.51 222.32
00588 0.998713 205.56 292.32 193.86 265.26 96.37 307.41 108.07 334.46
00588 0.985750 448.97 498.17 479.24 487.83 442.25 379.53 411.98 389.88
00588 0.909631 226.21 509.96 224.64 488.89 118.84 496.77 120.41 517.83
00588 0.621376 530.01 64.52 559.51 47.06 523.74 -13.37 494.24 4.08
00589 1.000000 288.05 487.46 273.47 461.04 187.22 508.63 201.80 535.06
00589 1.000000 244.72 422.57 233.07 399.30 159.09 436.35 170.74 459.62
00589 0.989866 234.37 353.58 213.65 332.11 134.81 408.17 155.53 429.65
00589 0.983811 627.34 241.88 653.43 220.23 583.06 135.44 556.97 157.09
00589 0.933755 537.45 458.30 560.01 439.51 487.48 352.40 464.92 371.18
00590 1.000000 237.48 479.71 256.51 498.35 317.13 436.46 298.10 417.82
00590 1.000000 610.01 135.19 624.61 109.05 527.39 54.72 512.78 80.85
00590 1.000000 208.13 458.75 232.86 471.28 281.17 375.95 256.43 363.41
00590 0.998617 309.54 510.89 332.32 532.52 380.96 481.31 358.18 459.67
00590 0.961985 602.74 376.92 619.20 345.46 517.77 292.40 501.31 323.86
00591 1.000000 395.65 511.85 423.45 522.91 454.74 444.26 426.94 433.19
00591 1.000000 288.44 485.32 316.34 487.39 324.40 378.71 296.49 376.64
00591 1.000000 321.02 491.60 345.67 502.79 380.50 426.03 355.85 414.84
00591 1.000000 482.13 509.10 511.71 520.49 535.06 459.87 505.48 448.47
00591 1.000000 549.05 41.46 553.92 9.18 445.16 -7.26 440.28 25.03
00591 0.967846 634.61 270.08 639.74 235.71 526.49 218.82 521.37 253.18
00591 0.262872 627.34 512.95 628.07 500.11 599.63 498.50 598.90 511.34
00592 1.000000 545.70 501.24 575.49 503.80 585.00 393.22 555.20 390.66
00592 1.000000 465.49 509.17 494.57 511.59 503.80 400.63 474.72 398.21
00592 1.000000 388.37 485.59 416.38 488.90 426.83 400.48 398.81 397.17
00592 1.000000 355.29 486.66 382.63 481.53 362.75 375.52 335.41 380.64
00592 0.961295 638.33 174.67 634.59 144.65 521.52 158.76 525.27 188.78
00593 1.000000 509.83 514.40 544.69 510.76 537.72 444.15 502.86 447.80
00593 1.000000 587.80 515.10 621.16 513.55 617.05 424.54 583.69 426.08
00593 1.000000 390.28 521.59 416.46 511.04 389.80 444.93 363.62 455.48
00593 1.000000 434.04 512.11 463.25 510.80 460.97 459.73 431.76 461.03
00593 0.952402 645.10 194.06 635.19 167.59 566.92 193.13 576.82 219.60
00593 0.814019 442.65 39.65 434.44 11.21 328.04 41.91 336.24 70.35
00594 1.000000 601.76 523.11 633.78 509.18 594.48 418.81 562.46 432.74
00594 0.991344 518.29 521.49 548.43 510.20 526.90 452.76 496.77 464.05
00594 0.980287 473.53 534.13 496.90 513.44 451.22 461.86 427.85 482.55
00594 0.907955 656.87 106.91 638.98 85.65 565.28 147.69 583.18 168.95
00594 0.788395 371.11 65.00 353.23 39.00 259.85 103.25 277.73 129.24
00594 0.561355 628.88 408.69 638.73 408.92 639.36 382.34 629.52 382.10
00594 0.356468 624.46 424.97 637.61 424.99 637.66 380.29 624.52 380.27
00595 1.000000 622.61 525.76 646.48 506.22 584.63 430.68 560.77 450.22
00595 0.998280 537.63 91.67 562.90 107.16 623.28 8.58 598.00 -6.90
00595 0.979700 577.88 537.39 593.93 509.23 517.16 465.48 501.11 493.64
00595 0.820785 216.32 187.52 241.65 205.80 307.18 115.03 281.85 96.74
00595 0.783485 635.52 430.81 662.82 406.05 633.58 373.81 606.28 398.56
00596 1.000000 638.01 489.05 643.69 459.02 571.52 445.37 565.84 475.40
00596 0.983660 481.86 47.80 512.13 54.08 522.88 2.29 492.62 -3.99
00596 0.849934 202.61 286.10 232.65 294.44 263.02 185.11 232.98 176.76
00596 0.470761 615.23 427.21 643.72 436.65 654.66 403.61 626.17 394.17
00597 0.878698 219.90 376.08 249.59 376.01 249.31 266.47 219.62 266.54
00597 0.869871 449.67 13.93 449.06 -1.23 418.57 -0.01 419.18 15.15
00597 0.585424 621.97 467.19 641.34 465.76 638.89 432.59 619.52 434.03
00597 0.360299 603.90 5.85 604.10 0.20 574.01 -0.84 573.81 4.81
00598 1.000000 201.12 229.39 198.56 199.08 88.39 208.39 90.95 238.70
00598 1.000000 199.77 189.36 197.86 158.59 86.64 165.50 88.55 196.28
00598 1.000000 387.01 95.70 386.18 65.08 301.55 67.39 302.39 98.02
00598 1.000000 189.09 268.11 186.57 238.75 77.61 248.12 80.14 277.49
00598 1.000000 197.06 35.33 193.57 3.30 84.89 15.14 88.38 47.18
00598 1.000000 201.31 378.39 197.45 350.06 89.39 364.77 93.24 393.10
00598 1.000000 393.61 131.96 392.70 102.78 310.18 105.34 311.08 134.53
00598 1.000000 200.68 150.17 197.99 118.60 86.71 128.05 89.39 159.62
00598 0.986632 425.52 369.92 424.05 342.45 316.73 348.19 318.20 375.65
00599 0.835897 255.74 457.39 284.73 449.18 254.92 343.92 225.93 352.13
00600 0.913398 271.31 520.96 298.34 511.00 264.21 418.36 237.18 428.32
00600 0.710773 329.58 11.82 326.15 -4.93 298.17 0.80 301.60 17.54
00601 0.939992 288.34 33.58 317.04 29.04 311.99 -2.90 283.29 1.64
00601 0.868960 539.13 13.26 538.78 -2.48 459.54 -0.73 459.89 15.02
00601 0.274058 271.49 511.43 267.05 486.98 237.51 492.36 241.95 516.80
00602 1.000000 534.80 53.81 533.89 25.10 451.55 27.71 452.46 56.42
00602 1.000000 540.93 92.18 540.41 63.15 457.94 64.60 458.45 93.63
00602 0.612898 282.24 53.01 310.00 49.89 304.22 -1.56 276.46 1.56
00602 0.466721 512.52 17.57 512.45 -0.30 464.90 -0.13 464.96 17.74
00603 1.000000 541.54 176.33 541.10 149.50 463.16 150.79 463.60 177.62
00603 0.982160 536.46 137.55 535.88 110.97 455.46 112.73 456.03 139.30
00603 0.717611 276.32 74.44 303.89 71.82 297.02 -0.62 269.44 2.00
00604 1.000000 545.01 267.37 544.02 241.89 463.50 245.01 464.49 270.49
00604 1.000000 539.54 229.21 538.69 203.37 459.12 205.99 459.97 231.83
00604 0.980720 270.98 103.35 299.90 101.49 293.27 -1.34 264.35 0.53
00605 1.000000 546.53 359.88 545.56 333.52 465.98 336.45 466.95 362.81
00605 1.000000 540.17 80.42 539.12 50.29 434.20 53.94 435.25 84.07
00605 1.000000 267.48 131.27 296.60 130.32 292.98 18.35 263.86 19.29
00605 1.000000 540.86 321.98 540.05 295.85 460.18 298.32 460.99 324.44
00606 1.000000 268.12 194.33 296.53 195.66 301.59 87.41 273.18 86.09
00606 1.000000 544.44 261.78 542.99 234.30 438.98 239.77 440.42 267.25
00606 0.983831 543.72 506.23 542.25 476.75 458.29 480.93 459.76 510.41
00607 1.000000 544.13 314.50 542.60 287.73 439.35 293.62 440.88 320.40
00607 1.000000 272.48 188.55 300.90 191.25 311.04 84.50 282.62 81.80
00608 1.000000 547.68 330.33 546.24 303.93 439.05 309.79 440.50 336.19
00608 0.985443 280.18 151.74 309.46 154.84 321.05 45.27 291.77 42.18
00609 1.000000 385.04 213.90 384.25 186.55 302.94 188.89 303.73 216.25
00609 1.000000 390.99 252.38 390.40 225.21 310.29 226.95 310.88 254.12
00609 1.000000 194.61 312.52 192.31 281.48 84.96 289.44 87.26 320.49
00609 1.000000 198.75 353.58 196.12 323.07 86.10 332.55 88.73 363.06
00609 1.000000 193.21 156.42 189.92 125.82 81.17 137.53 84.46 168.13
00609 1.000000 422.57 494.97 420.74 465.27 315.29 471.78 317.12 501.48
00609 1.000000 187.17 392.34 184.57 362.56 74.29 372.19 76.89 401.98
00609 1.000000 195.26 270.71 192.35 242.17 85.04 253.13 87.95 281.66
00609 1.000000 200.72 504.25 195.98 472.94 88.02 489.27 92.75 520.58
00609 0.785483 194.78 8.90 193.68 -8.60 79.18 -1.38 80.28 16.12
00610 1.000000 549.21 437.82 547.80 409.45 442.49 414.67 443.89 443.04
00610 0.901895 307.52 97.57 334.46 101.69 349.98 0.11 323.05 -4.01
00611 1.000000 314.40 126.39 342.63 130.71 359.73 18.95 331.51 14.63
00611 0.945736 547.70 511.19 546.01 484.34 442.26 490.89 443.95 517.74
00612 1.000000 319.09 118.01 349.43 122.91 366.92 14.58 336.57 9.68
00613 1.000000 331.00 141.27 357.38 146.44 378.75 37.22 352.37 32.06
00614 1.000000 340.82 243.25 369.17 249.09 391.73 139.58 363.38 133.74
00615 1.000000 359.97 304.98 388.02 310.61 409.74 202.25 381.70 196.63
00616 1.000000 372.65 258.58 402.24 264.64 424.41 156.49 394.82 150.42
00617 0.933570 386.51 191.19 417.55 196.71 437.47 84.74 406.43 79.21
00618 0.986314 401.32 116.13 429.78 121.79 451.90 10.64 423.45 4.97
00619 0.604159 415.42 41.76 444.20 48.70 455.38 2.29 426.59 -4.64
00620 1.000000 194.35 442.64 191.72 410.68 80.48 419.82 83.11 451.77
00620 1.000000 194.18 403.37 191.72 372.90 81.72 381.81 84.18 412.28
00620 1.000000 197.40 485.35 194.10 451.78 83.45 462.65 86.75 496.22
00620 1.000000 190.07 284.52 186.97 256.34 79.75 268.12 82.85 296.31
00620 1.000000 383.43 342.88 382.65 316.63 301.73 319.04 302.51 345.30
00620 1.000000 185.34 133.88 183.08 103.96 73.72 112.22 75.98 142.14
00620 0.998996 388.82 381.21 387.66 355.15 308.83 358.65 309.98 384.70
00620 0.994573 187.02 21.29 183.61 -9.47 72.19 2.85 75.59 33.61
00620 0.848238 186.12 512.65 183.73 489.50 72.12 501.06 74.52 524.21
00631 1.000000 192.90 469.10 190.15 438.29 80.50 448.07 83.25 478.88
00631 1.000000 193.14 510.11 190.76 477.92 81.05 486.04 83.43 518.23
00631 1.000000 383.27 409.60 381.96 382.12 300.46 386.02 301.78 413.50
00631 1.000000 182.30 85.60 179.58 54.97 71.24 64.61 73.96 95.23
00631 1.000000 190.41 349.46 186.87 321.48 76.88 335.38 80.42 363.36
00631 1.000000 184.53 199.19 182.30 169.74 72.54 178.07 74.77 207.52
00631 0.981469 386.85 447.21 385.94 421.68 309.60 424.40 310.51 449.92
00631 0.883760 161.77 12.06 160.30 -8.18 49.08 -0.12 50.55 20.13
00631 0.668957 400.75 68.79 429.11 58.55 404.77 -8.85 376.41 1.39
00635 1.000000 564.57 81.81 596.36 79.61 590.73 -1.62 558.95 0.58
00635 1.000000 564.12 299.21 592.97 299.21 592.94 193.63 564.08 193.64
00636 1.000000 502.83 87.99 534.54 85.45 527.55 -2.06 495.84 0.48
00636 1.000000 501.56 306.23 531.85 306.05 531.20 199.47 500.91 199.66
00636 1.000000 612.14 83.34 642.54 82.55 640.42 0.92 610.02 1.71
00637 1.000000 489.41 152.91 520.84 150.81 513.59 42.36 482.16 44.46
00637 1.000000 488.73 375.01 516.52 374.39 514.13 265.92 486.34 266.53
00637 1.000000 598.32 149.28 630.80 148.77 629.09 38.86 596.60 39.36
00637 0.497123 635.35 135.97 644.54 135.46 639.69 48.18 630.50 48.70
00637 0.445229 635.55 163.99 639.52 163.97 639.27 130.23 635.31 130.26
00637 0.274511 631.54 167.22 640.30 166.95 639.22 132.88 630.46 133.16
00638 1.000000 375.06 475.62 374.67 449.23 295.47 450.40 295.86 476.79
00638 1.000000 183.38 145.18 180.77 115.57 73.37 125.04 75.98 154.65
00638 1.000000 184.59 412.18 181.94 383.10 72.86 393.04 75.51 422.13
00638 1.000000 163.43 68.07 161.33 37.72 51.61 45.34 53.72 75.69
00638 1.000000 181.47 260.28 179.73 230.73 74.65 236.92 76.39 266.47
00638 0.964492 382.40 512.53 381.45 487.45 300.41 490.51 301.35 515.58
00638 0.883266 401.11 134.15 431.37 124.64 397.80 17.83 367.54 27.35
00638 0.767739 184.41 511.51 184.09 499.53 69.44 502.58 69.76 514.56
00639 1.000000 178.79 85.14 180.47 57.04 94.83 51.95 93.16 80.05
00639 1.000000 182.34 159.14 183.10 130.11 73.71 127.27 72.96 156.30
00639 1.000000 193.19 238.48 193.80 209.27 87.18 207.03 86.57 236.24
00639 1.000000 162.45 506.90 163.19 474.63 55.29 472.14 54.55 504.41
00639 1.000000 177.66 354.26 179.67 325.48 72.19 317.97 70.18 346.75
00639 1.000000 206.52 20.84 198.33 -11.37 91.60 15.74 99.78 47.95
00639 1.000000 600.18 112.57 632.75 105.19 608.26 -2.92 575.68 4.46
00639 0.716122 413.79 256.54 441.51 252.54 425.56 141.99 397.85 145.99
00640 1.000000 181.46 211.23 182.11 182.48 74.07 180.03 73.42 208.78
00640 1.000000 191.56 291.71 192.25 263.62 87.71 261.06 87.02 289.14
00640 1.000000 180.20 137.69 182.06 110.12 93.19 104.13 91.33 131.70
00640 1.000000 180.33 407.09 181.96 379.31 71.26 372.83 69.63 400.61
00640 1.000000 600.02 166.17 631.50 159.40 608.48 52.33 577.00 59.10
00640 1.000000 204.19 69.70 196.25 39.78 92.20 67.42 100.15 97.33
00640 1.000000 411.48 306.41 442.50 301.59 425.81 194.11 394.78 198.93
00640 0.280780 173.97 11.09 162.62 -15.37 105.34 9.21 116.69 35.66
00641 1.000000 179.64 240.24 181.46 213.20 92.51 207.21 90.69 234.25
00641 1.000000 193.43 397.50 194.62 368.07 86.76 363.73 85.58 393.15
00641 1.000000 180.78 515.00 182.92 483.41 72.10 475.90 69.95 507.49
00641 1.000000 183.10 317.06 184.19 287.53 74.65 283.49 73.56 313.02
00641 1.000000 600.44 267.31 631.92 261.29 611.19 152.92 579.71 158.95
00641 1.000000 206.82 172.14 198.54 142.64 91.50 172.68 99.78 202.17
00641 0.920162 412.35 409.95 442.13 405.25 425.28 298.52 395.51 303.22
00641 0.447656 1.23 59.30 12.67 58.68 9.79 5.43 -1.65 6.04
00658 0.702630 402.48 424.07 430.04 434.16 456.23 362.58 428.67 352.50
00658 0.489909 501.41 512.88 501.89 499.24 475.13 498.29 474.65 511.93
00659 0.641553 402.37 484.42 430.13 494.79 457.64 421.17 429.89 410.80
00659 0.426098 561.35 510.75 582.40 516.20 599.25 451.17 578.20 445.71
00662 0.898786 300.78 455.35 331.81 463.76 355.24 377.30 324.21 368.89
00662 0.774183 99.22 405.75 130.41 415.78 157.50 331.56 126.31 321.53
00662 0.677650 587.68 355.58 609.43 358.84 617.34 306.05 595.59 302.80
00662 0.450117 205.30 429.31 235.22 437.15 257.50 352.17 227.59 344.33
00662 0.591641 213.97 516.38 216.20 495.22 190.24 492.48 188.01 513.64
00662 0.400277 374.20 467.87 395.86 472.93 409.59 414.16 387.94 409.10
00662 0.387055 408.10 473.64 430.10 477.25 440.13 416.18 418.13 412.56
00662 0.351613 438.79 479.85 460.21 484.80 474.20 424.29 452.78 419.34
00662 0.305161 472.53 489.46 495.04 493.16 505.25 431.01 482.74 427.31
00662 0.300526 340.40 462.52 361.87 467.99 376.87 409.13 355.40 403.66
00662 0.265157 499.79 335.44 520.93 339.17 529.79 288.91 508.64 285.18
00662 0.302998 5.76 502.57 31.33 516.64 60.02 464.49 34.45 450.42
00662 0.277454 135.72 414.15 166.14 422.87 190.60 337.47 160.19 328.75
00713 0.346592 252.99 428.15 258.55 411.65 221.68 399.23 216.12 415.72
00729 0.382665 609.11 43.81 632.76 49.55 644.33 1.86 620.69 -3.88
00730 1.000000 569.61 60.74 592.69 62.52 597.40 1.43 574.32 -0.36
00730 1.000000 504.00 51.24 527.96 57.06 541.24 2.41 517.27 -3.41
00730 1.000000 539.30 73.83 562.55 75.86 569.09 0.91 545.85 -1.12
00730 0.976333 471.64 51.32 494.17 57.07 508.45 1.09 485.92 -4.65
00730 0.885528 608.65 66.48 631.79 65.84 629.99 0.09 606.84 0.73
00730 0.312907 621.18 66.32 640.70 66.32 640.72 -0.14 621.21 -0.15
00730 0.269118 634.27 61.65 643.86 60.91 639.26 1.31 629.67 2.05
00731 1.000000 444.38 65.04 468.11 70.04 482.58 1.47 458.86 -3.53
00731 1.000000 548.87 76.03 572.06 75.82 571.38 3.28 548.19 3.49
00731 1.000000 477.77 85.38 502.92 87.86 511.12 4.60 485.97 2.12
00731 1.000000 510.38 71.80 532.41 72.92 536.15 -0.55 514.12 -1.67
00731 0.997926 412.24 60.33 434.02 65.79 450.11 1.64 428.33 -3.83
00732 1.000000 456.84 169.01 479.56 170.57 484.77 94.84 462.06 93.28
00732 1.000000 495.78 176.75 519.94 176.26 518.38 99.89 494.22 100.39
00732 1.000000 425.72 181.81 450.13 184.30 459.96 87.81 435.55 85.33
00732 0.988599 393.77 159.99 415.95 164.25 433.11 74.73 410.93 70.48
00732 0.947522 360.84 160.14 384.24 165.46 405.57 71.50 382.17 66.19
00732 0.373530 211.37 350.00 226.04 350.86 228.44 310.22 213.77 309.35
00732 0.278538 313.41 37.71 338.76 48.56 359.28 0.62 333.93 -10.23
00733 1.000000 459.77 318.43 482.34 319.99 487.56 244.46 464.99 242.90
00733 1.000000 499.35 324.77 520.89 324.37 519.49 249.71 497.95 250.12
00733 1.000000 307.97 121.86 332.41 131.61 367.06 44.75 342.62 35.00
00733 0.999630 428.02 328.85 452.18 331.64 463.26 235.97 439.11 233.18
00733 0.964635 396.26 311.63 420.38 315.75 435.34 228.09 411.22 223.98
00733 0.981960 283.54 111.25 308.71 121.02 342.64 33.61 317.47 23.84
00733 0.970535 362.08 308.32 383.99 313.86 408.31 217.83 386.40 212.28
00733 0.927378 317.70 189.51 341.58 197.57 372.40 106.22 348.53 98.16
00733 0.260680 107.74 511.23 107.52 493.38 57.79 494.02 58.02 511.86
00734 1.000000 485.78 365.00 508.95 364.84 508.45 289.85 485.29 290.00
00734 1.000000 448.03 360.22 470.26 361.56 474.78 286.80 452.55 285.45
00734 1.000000 416.39 372.20 439.86 374.57 449.60 278.11 426.13 275.74
00734 0.971130 384.24 350.24 406.42 354.53 423.40 266.78 401.22 262.49
00734 0.992437 294.90 162.38 320.42 173.04 357.99 83.12 332.47 72.46
00734 0.965962 306.24 229.66 331.08 238.53 363.15 148.70 338.31 139.83
00734 0.963065 349.31 351.66 374.09 357.74 397.67 261.70 372.89 255.62
00734 0.948101 272.13 153.45 296.60 162.46 329.00 74.39 304.54 65.38
00735 1.000000 401.06 438.85 425.22 438.54 424.27 363.60 400.11 363.91
00735 1.000000 361.21 433.05 384.60 434.96 390.89 357.99 367.49 356.08
00735 0.989067 330.81 441.28 354.94 443.79 364.78 349.36 340.65 346.84
00735 0.961045 298.14 423.20 321.68 427.51 338.32 336.54 314.77 332.24
00735 0.954863 184.99 225.47 210.00 235.11 243.54 148.14 218.53 138.49
00735 0.974755 210.03 232.80 233.60 242.70 268.42 159.79 244.86 149.89
00735 0.948433 219.59 303.45 244.50 311.72 274.77 220.62 249.85 212.35
00735 0.922795 263.43 420.54 286.15 426.64 311.18 333.37 288.47 327.27
00736 0.267949 541.30 10.39 561.72 21.44 573.57 -0.47 553.16 -11.52
00737 0.979158 364.62 510.25 388.72 511.72 393.37 435.33 369.26 433.87
00737 0.981575 213.46 315.76 237.55 325.44 273.42 236.19 249.33 226.51
00737 0.954862 337.19 510.18 360.88 511.94 367.35 425.22 343.65 423.45
00737 0.977838 405.12 512.66 429.53 512.17 428.10 440.44 403.69 440.93
00737 0.972066 188.02 306.52 213.50 316.76 249.28 227.71 223.80 217.48
00737 0.939087 300.92 508.58 325.54 512.82 341.75 418.63 317.14 414.39
00737 0.864539 266.81 506.68 291.43 512.57 315.96 409.89 291.34 404.01
00737 0.723061 225.89 379.40 248.82 387.16 277.94 301.11 255.01 293.35
00738 0.948379 217.46 423.34 239.96 432.70 276.65 344.44 254.14 335.08
00738 0.917996 193.78 413.75 215.81 421.84 248.94 331.69 226.91 323.60
00738 0.449233 228.62 489.00 252.02 496.96 282.75 406.61 259.36 398.66
00739 0.988418 205.99 509.84 229.65 517.83 254.04 445.54 230.38 437.55
00739 0.986949 232.67 509.47 255.68 518.92 280.23 459.17 257.22 449.72
00783 0.272481 -0.18 427.96 16.82 428.65 17.82 404.16 0.81 403.47
00855 0.348304 284.49 352.18 300.60 338.13 221.18 247.13 205.08 261.18
00856 0.410741 293.05 528.12 310.82 512.57 241.32 433.18 223.55 448.74
00856 0.379076 261.75 528.16 278.46 512.98 217.56 445.94 200.85 461.11
00896 0.458399 39.68 308.55 45.21 312.89 56.08 299.06 50.55 294.72
00897 0.603869 592.23 223.45 599.99 222.31 596.37 197.69 588.61 198.83
00898 0.368209 607.92 424.46 616.01 423.16 611.76 396.76 603.67 398.06
00899 0.669374 468.41 287.65 477.93 287.06 476.31 260.76 466.78 261.35
00899 0.646843 390.88 233.95 399.65 233.92 399.58 208.28 390.81 208.31
00899 0.613425 455.15 237.57 463.43 237.19 462.33 213.11 454.05 213.49
00899 0.460567 435.20 289.80 443.73 289.76 443.61 264.61 435.08 264.65
00899 0.460096 489.73 286.63 498.48 285.42 495.01 260.24 486.26 261.44
00899 0.428144 401.62 234.13 410.42 234.07 410.25 209.52 401.46 209.58
00899 0.427156 465.51 234.80 473.73 234.22 472.09 210.89 463.88 211.47
00899 0.403175 408.27 370.55 418.00 369.32 414.83 344.20 405.09 345.43
00899 0.398694 421.97 233.52 431.11 233.54 431.16 210.50 422.02 210.47
00899 0.372513 456.39 289.21 465.51 288.97 464.85 263.31 455.72 263.55
00899 0.355291 433.38 287.38 434.06 261.64 425.42 261.41 424.74 287.15
00899 0.293024 422.16 258.20 431.19 257.97 430.60 234.91 421.57 235.14
00903 0.268856 490.06 97.15 498.61 94.12 490.49 71.21 481.94 74.24
00912 0.448163 279.20 106.88 287.73 107.24 288.73 83.58 280.20 83.22
00916 0.410936 319.15 113.37 326.50 112.71 324.73 92.96 317.37 93.62
00917 0.754533 325.86 195.85 333.65 195.57 332.91 174.60 325.11 174.88
00918 0.593884 442.91 471.15 453.80 477.53 474.45 442.27 463.55 435.89
00918 0.255332 465.72 277.15 460.80 266.62 428.06 281.93 432.98 292.46
00919 0.577471 337.44 334.84 346.17 334.04 344.16 312.07 335.43 312.87
00920 0.678608 350.22 497.16 359.37 496.24 356.82 470.91 347.68 471.83
00930 0.712905 536.43 96.27 543.86 95.63 541.03 62.58 533.59 63.22
00931 0.504824 543.57 381.99 553.83 380.77 548.86 338.84 538.60 340.05
00939 1.000000 474.81 201.15 472.66 189.44 440.11 195.43 442.27 207.14
00940 0.982854 108.15 296.38 103.73 285.07 70.01 298.26 74.44 309.57
00940 0.976461 629.94 112.88 626.59 102.63 597.98 111.97 601.33 122.23
00941 0.992538 315.05 252.97 313.75 241.46 278.82 245.38 280.11 256.89
00949 0.979499 55.41 12.75 53.51 1.46 23.38 6.52 25.28 17.82
01010 0.923893 267.00 511.32 294.23 508.97 287.35 429.08 260.13 431.42
01011 0.331193 379.72 512.85 398.27 511.28 396.67 492.31 378.12 493.87
01015 0.395778 251.06 83.18 272.09 81.18 265.38 10.55 244.34 12.55
01022 0.988009 343.38 84.30 367.62 86.02 373.30 5.61 349.06 3.90
01022 0.254506 311.53 434.27 332.41 437.37 340.62 382.16 319.75 379.05
01023 1.000000 335.59 339.82 362.63 341.44 368.47 243.72 341.44 242.10
01038 1.000000 159.06 149.70 183.40 148.83 180.45 65.66 156.11 66.52
01040 1.000000 140.22 328.67 167.66 328.40 166.76 234.52 139.32 234.78
01041 1.000000 129.75 424.30 156.68 422.84 151.29 323.66 124.36 325.12
01042 1.000000 164.99 511.78 193.25 510.96 190.29 407.96 162.03 408.77
01067 1.000000 263.39 132.82 288.26 133.10 289.28 45.44 264.40 45.15
01068 1.000000 257.26 466.31 286.12 465.53 283.16 355.87 254.30 356.65
01081 0.285218 47.44 429.70 69.09 444.80 110.43 385.55 88.79 370.45
01106 0.425007 351.44 243.85 372.37 237.19 356.83 188.39 335.90 195.05
01250 0.405670 117.73 214.02 123.71 215.94 127.47 204.23 121.49 202.31
01293 0.483869 289.04 224.05 302.29 219.38 291.58 188.96 278.33 193.62
01307 0.338090 288.45 116.45 299.35 116.96 300.34 95.76 289.45 95.24
01313 0.932784 239.09 26.49 253.54 26.74 254.01 -0.11 239.56 -0.36
01313 0.880186 258.68 26.26 272.93 26.42 273.22 0.12 258.98 -0.04
01313 0.312190 272.98 30.28 286.99 30.77 287.93 4.13 273.91 3.64
01314 0.958174 270.22 89.51 285.69 89.58 285.88 48.69 270.41 48.62
01314 0.903693 249.70 90.71 265.84 90.47 265.24 49.95 249.10 50.19
01315 0.953257 272.06 119.62 289.18 120.88 292.38 77.37 275.26 76.11
01315 0.903563 293.37 119.89 311.34 121.28 314.61 78.93 296.64 77.54
01316 0.936377 310.43 141.16 328.53 145.73 339.99 100.33 321.90 95.76
01316 0.872328 331.01 145.18 348.16 150.05 360.62 106.22 343.47 101.35
01316 0.558338 385.20 159.77 404.24 164.23 414.77 119.28 395.73 114.82
01317 0.918543 341.15 170.40 358.12 179.90 381.98 137.30 365.01 127.80
01317 0.890017 364.35 178.63 379.49 186.96 402.28 145.54 387.14 137.21
01317 0.370905 414.59 204.72 431.89 213.62 454.30 170.04 437.00 161.14
01318 0.758191 444.11 198.80 431.69 186.11 395.41 221.60 407.83 234.29
01318 0.610991 426.47 184.20 413.03 170.46 375.14 207.51 388.58 221.25
01318 0.479529 433.38 230.84 422.92 219.55 399.28 241.44 409.75 252.74
01319 0.464383 460.61 231.52 450.02 213.40 403.55 240.55 414.14 258.67
01319 0.449031 473.40 247.93 464.08 231.66 419.23 257.35 428.56 273.63
01320 0.896574 491.47 283.76 484.13 264.96 435.27 284.06 442.62 302.85
01320 0.850639 481.15 266.75 473.08 244.19 421.03 262.81 429.10 285.37
01321 0.900851 489.60 303.68 484.06 283.73 429.72 298.82 435.25 318.77
01321 0.655269 480.93 282.74 474.99 262.12 421.23 277.62 427.17 298.24
01321 0.460055 512.47 358.76 505.84 338.99 450.87 357.43 457.50 377.20
01322 0.769675 471.88 303.95 468.30 281.41 413.23 290.17 416.82 312.70
01322 0.738104 477.99 326.80 475.35 306.49 419.23 313.79 421.88 334.11
01322 0.529665 489.69 383.67 485.54 363.22 429.46 374.61 433.61 395.06
01322 0.260215 443.41 348.17 441.37 329.82 410.44 333.26 412.48 351.61
01323 0.767169 447.46 346.50 447.55 325.51 388.68 325.26 388.59 346.24
01323 0.454452 444.45 320.93 443.10 296.54 386.86 299.66 388.21 324.06
01323 0.305171 449.90 404.37 448.44 382.20 388.98 386.12 390.44 408.28
01324 0.835007 415.85 357.41 418.45 333.23 359.74 326.92 357.14 351.09
01324 0.718338 416.41 331.53 417.95 309.10 361.06 305.21 359.52 327.63
01324 0.279640 407.29 417.70 408.44 394.47 347.66 391.46 346.51 414.69
01342 0.296327 182.77 176.51 197.96 180.46 205.71 150.66 190.52 146.71
01413 0.795168 295.15 105.73 308.48 103.72 302.23 62.25 288.89 64.26
01413 0.676764 203.38 146.32 216.24 140.66 198.84 101.12 185.98 106.78
01413 0.668298 310.46 97.78 323.81 96.28 319.40 57.06 306.05 58.56
01413 0.582686 276.71 113.66 290.60 110.58 281.41 69.22 267.53 72.30
01413 0.510206 232.03 133.81 244.75 128.25 228.34 90.72 215.61 96.29
01413 0.396760 245.43 128.56 259.04 123.06 242.47 82.03 228.86 87.52
01413 0.463029 259.54 122.78 272.86 118.10 258.58 77.45 245.25 82.14
01413 0.280101 216.69 139.50 229.17 134.33 214.78 99.56 202.30 104.72
01414 0.591234 200.56 226.52 215.56 219.63 194.12 172.95 179.12 179.84
01414 0.601320 252.28 199.74 267.56 194.33 251.48 148.91 236.20 154.32
01414 0.493406 214.56 218.36 228.64 211.70 207.15 166.30 193.07 172.97
01414 0.395686 240.06 206.34 255.19 200.03 236.68 155.62 221.55 161.93
01414 0.271935 272.64 189.73 287.09 185.49 274.66 143.17 260.21 147.41
01414 0.251163 228.52 211.96 242.85 205.50 222.66 160.73 208.34 167.19
01415 0.520611 196.76 293.32 211.03 283.86 182.81 241.27 168.54 250.73
01415 0.430875 183.37 300.12 197.14 290.64 168.62 249.18 154.84 258.65
01415 0.292466 210.43 283.56 223.99 274.38 195.64 232.49 182.08 241.67
01415 0.281811 247.55 251.40 261.89 245.50 245.36 205.31 231.02 211.21
01415 0.271438 223.08 274.50 236.45 265.19 206.99 222.89 193.62 232.20
01415 0.259914 234.29 264.46 248.41 255.93 222.54 213.17 208.43 221.71
01416 0.565967 193.18 372.39 202.04 359.72 160.42 330.59 151.56 343.25
01416 0.551008 183.49 384.38 192.77 371.62 152.27 342.15 142.98 354.91
01416 0.359334 203.21 359.29 212.75 346.71 171.43 315.39 161.89 327.97
01416 0.294737 174.61 398.43 185.03 384.97 143.95 353.16 133.52 366.62
01456 0.438491 64.65 490.32 77.42 490.25 77.21 451.15 64.44 451.22
01456 0.431395 80.73 492.05 93.34 491.72 92.37 454.27 79.76 454.60
