00010 0.466702 610.31 432.63 633.86 430.02 625.62 355.72 602.07 358.33
00010 0.351679 610.12 405.61 627.91 403.46 622.33 357.38 604.53 359.53
00011 0.550183 572.62 485.22 591.53 483.72 587.83 437.20 568.92 438.70
00033 0.484207 611.47 388.50 629.73 381.99 614.64 339.70 596.39 346.22
00037 0.591474 325.22 122.30 337.32 132.68 366.50 98.64 354.40 88.27
00042 0.352829 92.31 31.71 109.63 32.38 110.88 0.04 93.57 -0.63
00043 0.284186 58.28 119.16 73.28 119.58 74.43 78.58 59.43 78.16
00201 0.767758 566.73 78.48 553.20 56.94 479.27 103.38 492.80 124.92
00205 0.274864 399.69 283.00 388.88 271.70 357.26 301.94 368.06 313.24
00208 0.422378 502.05 526.39 520.87 510.77 472.06 451.95 453.24 467.57
00209 0.498693 496.54 525.00 514.86 509.72 464.82 449.75 446.51 465.03
00216 0.393429 427.90 442.50 403.52 417.38 336.12 482.79 360.50 507.91
00260 0.328619 285.25 249.92 273.78 233.17 202.23 282.14 213.70 298.89
00267 0.298611 186.74 234.12 229.22 218.21 201.74 144.89 159.27 160.80
00302 0.724562 560.00 67.57 559.16 39.66 468.07 42.38 468.90 70.29
00302 0.667403 564.53 43.76 563.92 20.98 484.10 23.12 484.71 45.90
00303 0.989569 578.43 197.00 577.53 168.56 478.79 171.67 479.69 200.11
00303 0.815712 581.54 176.32 580.00 148.42 476.49 154.15 478.03 182.04
00303 0.461242 533.07 153.39 532.95 122.78 425.79 123.22 425.91 153.83
00379 0.380810 263.30 370.62 255.72 350.69 195.31 373.66 202.89 393.59
00397 0.876710 271.29 511.52 300.82 513.37 304.08 461.33 274.54 459.48
00397 0.374833 466.99 31.50 487.52 31.07 486.85 -0.76 466.32 -0.33
00398 0.334933 624.45 54.08 621.33 38.31 581.93 46.10 585.05 61.86
00399 1.000000 419.54 40.71 441.26 41.39 442.61 -1.25 420.89 -1.94
00400 1.000000 399.09 67.40 419.31 67.72 420.26 6.81 400.03 6.50
00401 0.997382 400.72 99.62 420.63 99.88 421.46 35.90 401.54 35.65
00401 0.631049 318.38 45.49 336.01 45.43 335.87 0.11 318.24 0.17
00402 1.000000 404.04 147.13 425.12 147.10 425.00 77.90 403.92 77.94
00403 1.000000 407.79 204.74 429.06 204.22 427.20 128.61 405.92 129.13
00403 0.997169 396.34 43.18 417.43 37.40 405.81 -4.97 384.73 0.81
00404 1.000000 408.85 275.79 431.96 275.96 432.56 192.67 409.45 192.50
00404 0.956953 400.59 91.14 420.15 86.24 401.14 10.37 381.58 15.27
00405 1.000000 420.17 466.96 447.44 466.74 446.56 356.18 419.30 356.39
00405 0.975725 407.21 204.82 427.18 200.94 412.88 127.45 392.92 131.33
00405 0.955985 316.34 35.04 333.42 29.05 321.10 -6.07 304.02 -0.09
00406 1.000000 313.33 86.39 333.13 80.34 313.96 17.56 294.15 23.60
00406 1.000000 412.77 288.66 436.01 283.60 416.73 194.97 393.49 200.03
00406 0.925352 429.19 513.11 454.32 512.65 453.43 464.66 428.31 465.13
00407 1.000000 312.56 150.87 334.23 143.81 311.04 72.61 289.37 79.66
00407 1.000000 417.09 385.78 442.69 381.58 426.11 280.65 400.52 284.85
00408 1.000000 302.08 235.34 324.75 228.33 302.00 154.76 279.33 161.77
00408 0.989172 413.98 516.17 441.07 511.89 423.61 401.34 396.52 405.62
00410 0.967219 453.04 514.79 483.60 511.13 472.17 415.73 441.61 419.39
00410 0.965952 353.66 241.30 377.47 234.97 355.78 153.37 331.96 159.71
00411 0.999817 505.72 514.48 537.68 512.06 532.40 442.35 500.44 444.77
00411 0.994297 403.79 261.37 429.43 254.47 406.48 169.13 380.84 176.03
00412 0.980869 451.21 281.92 475.54 273.87 445.92 184.35 421.59 192.40
00412 0.755881 572.14 515.03 591.46 510.53 583.72 477.33 564.40 481.83
00413 0.995663 494.04 319.73 521.53 310.79 490.12 214.18 462.64 223.12
00414 0.925957 525.54 366.42 552.22 355.73 511.71 254.64 485.02 265.34
00415 0.855838 606.75 426.25 640.93 410.78 590.38 299.10 556.20 314.57
00422 0.889857 231.74 39.28 246.96 25.01 209.74 -14.67 194.52 -0.40
00423 0.536878 181.07 40.33 195.85 27.75 161.03 -13.17 146.25 -0.59
00424 0.451251 239.01 138.88 254.85 124.90 205.52 69.03 189.68 83.01
00426 0.610204 389.92 376.75 410.86 357.94 345.69 285.37 324.74 304.18
00426 0.331355 81.33 20.98 93.13 7.95 70.38 -12.67 58.58 0.36
00427 0.575792 151.04 43.69 167.38 27.30 124.45 -15.50 108.12 0.89
00438 0.315506 157.04 466.37 171.82 451.81 132.92 412.35 118.15 426.91
00442 0.461752 612.68 95.08 608.81 77.95 564.61 87.93 568.48 105.06
00463 0.436263 377.81 30.12 397.64 24.36 388.99 -5.40 369.16 0.37
00473 0.261920 639.16 101.28 634.29 65.00 517.39 80.70 522.26 116.98
00474 1.000000 247.54 68.65 261.05 65.52 253.95 34.84 240.44 37.96
00474 0.356638 356.99 108.16 379.33 102.99 359.42 17.04 337.08 22.22
00485 0.978852 246.49 112.82 259.51 109.99 252.42 77.38 239.40 80.21
00485 0.475562 360.35 155.00 382.90 149.79 361.55 57.32 339.00 62.53
00493 0.596001 601.85 30.06 614.29 15.60 583.87 -10.58 571.43 3.88
00494 0.393116 591.91 122.68 609.07 110.59 577.52 65.82 560.36 77.91
00496 0.999143 242.01 164.99 258.33 162.06 251.54 124.24 235.23 127.17
00507 0.987821 238.59 212.61 255.23 209.61 247.79 168.33 231.15 171.33
00507 0.278515 391.15 403.84 417.95 401.46 407.07 279.11 380.26 281.49
00510 0.612818 630.48 43.13 639.11 18.11 572.66 -4.83 564.03 20.19
00510 0.358887 634.90 27.27 643.26 5.82 598.17 -11.76 589.81 9.69
00513 0.271636 545.37 190.58 560.42 169.38 491.68 120.60 476.64 141.80
00518 0.974711 245.32 262.02 263.17 257.74 252.42 212.88 234.56 217.16
00528 0.464147 405.43 160.49 393.32 139.59 343.69 168.35 355.81 189.25
00529 1.000000 242.65 349.08 262.93 344.42 251.60 295.15 231.33 299.81
00529 0.537369 390.80 417.89 422.04 411.40 392.84 270.82 361.60 277.31
00540 0.996421 137.10 517.28 159.28 509.65 137.94 447.63 115.76 455.26
00542 0.341760 536.43 20.53 550.23 25.78 559.65 1.01 545.86 -4.24
00544 0.912233 458.12 109.82 472.99 113.20 480.73 79.10 465.86 75.72
00545 0.480524 437.22 163.59 451.46 165.73 456.46 132.52 442.22 130.38
00546 0.922199 422.23 232.19 440.56 234.93 447.38 189.17 429.05 186.44
00547 1.000000 402.59 310.40 421.31 312.19 426.12 261.98 407.40 260.19
00548 0.983109 406.18 402.53 424.30 403.96 428.68 348.43 410.56 347.00
00549 0.968885 412.27 511.23 436.72 512.30 439.25 454.50 414.80 453.42
00551 0.888528 244.26 37.03 254.43 37.17 254.92 1.18 244.75 1.05
00551 0.672367 359.66 35.48 371.00 33.45 364.66 -1.84 353.32 0.19
00551 0.587167 342.50 41.37 354.24 40.43 350.99 -0.02 339.24 0.93
00551 0.600185 470.15 20.19 469.63 3.63 415.11 5.35 415.63 21.92
00551 0.476647 466.57 14.59 466.25 -2.74 397.26 -1.48 397.57 15.85
00552 1.000000 468.67 421.42 472.49 404.72 409.44 390.30 405.62 406.99
00553 1.000000 485.80 461.22 490.09 443.86 426.39 428.11 422.10 445.47
00560 0.492538 67.55 55.00 88.28 39.69 51.21 -10.50 30.48 4.81
00560 0.294071 392.68 146.59 426.69 155.32 444.12 87.38 410.11 78.65
00561 0.682580 583.76 326.53 606.38 328.00 610.86 258.69 588.25 257.23
00562 0.716697 478.79 82.30 477.98 69.15 436.48 71.70 437.29 84.85
00562 0.546308 347.56 109.47 361.36 108.42 357.27 54.50 343.47 55.55
00562 0.468945 453.08 71.73 451.90 59.63 405.76 64.13 406.94 76.22
00562 0.300664 245.29 106.30 257.05 106.24 256.81 63.44 245.05 63.51
00573 0.641071 493.66 178.95 492.92 164.77 445.73 167.23 446.47 181.41
00573 0.580882 357.05 213.10 369.09 212.18 364.53 152.48 352.48 153.40
00573 0.287261 238.38 41.12 252.75 39.97 249.41 -1.76 235.04 -0.61
00581 0.528519 520.35 328.70 519.16 310.90 458.31 314.97 459.50 332.78
00581 0.513958 453.19 53.76 469.02 47.68 448.20 -6.51 432.37 -0.43
00583 0.339293 389.34 279.77 408.47 275.95 391.12 188.98 372.00 192.80
00584 0.930623 375.41 211.73 376.03 196.22 321.16 194.03 320.54 209.54
00585 1.000000 384.69 334.86 385.27 317.64 323.42 315.56 322.84 332.78
00586 1.000000 394.32 402.61 394.33 385.30 330.33 385.25 330.31 402.57
00590 0.291677 607.94 136.48 623.04 110.04 528.75 56.19 513.65 82.64
00682 1.000000 598.46 245.01 625.64 248.94 641.90 136.75 614.73 132.81
00682 0.793785 569.71 511.04 588.57 522.73 617.38 476.25 598.52 464.56
00683 1.000000 533.24 251.34 557.96 254.05 570.51 139.43 545.79 136.72
00683 0.553714 506.56 510.50 523.58 520.30 545.45 482.32 528.43 472.52
00684 1.000000 351.40 259.90 374.86 262.68 388.29 149.43 364.83 146.65
00685 1.000000 272.93 306.14 296.48 308.77 308.89 197.54 285.35 194.91
00686 1.000000 259.75 183.16 282.88 185.34 293.60 71.46 270.46 69.29
00686 0.951081 191.51 503.04 214.09 517.37 273.22 424.18 250.64 409.85
00686 0.927445 255.13 512.83 275.91 515.32 285.72 433.55 264.94 431.05
00687 0.955389 254.70 377.22 276.52 379.04 284.60 282.34 262.78 280.52
00687 0.886986 192.73 347.63 212.84 361.11 273.43 270.75 253.32 257.26
00688 0.983577 255.13 289.28 277.13 290.93 284.30 195.54 262.30 193.89
00688 0.945242 191.24 260.78 209.97 273.55 272.91 181.24 254.18 168.47
00689 0.970114 255.01 104.78 278.68 107.39 290.28 2.12 266.61 -0.49
00689 0.967586 187.96 78.11 208.27 90.98 264.38 2.49 244.08 -10.39
00689 0.374867 191.43 21.19 210.22 35.93 236.19 2.84 217.41 -11.90
00725 0.960976 619.03 74.89 638.18 76.86 646.54 -4.66 627.39 -6.63
00725 0.883029 554.86 39.40 574.43 55.88 620.12 1.62 600.55 -14.85
00727 0.925410 640.11 174.18 646.16 147.99 596.46 136.50 590.41 162.70
00727 0.557826 638.45 204.19 646.56 181.83 615.20 170.46 607.09 192.82
00728 1.000000 564.53 204.63 571.85 176.74 457.50 146.73 450.19 174.62
00728 0.991584 575.42 248.52 585.28 224.87 478.98 180.53 469.12 204.18
00729 1.000000 487.27 255.88 509.79 272.56 575.31 184.10 552.79 167.42
00729 1.000000 441.52 260.97 453.55 233.17 340.84 184.37 328.81 212.17
00729 1.000000 434.24 209.97 441.41 183.27 324.66 151.93 317.49 178.63
00729 1.000000 617.21 477.20 633.67 453.56 540.50 388.70 524.04 412.34
00729 0.996656 555.58 276.13 576.37 287.06 625.90 192.86 605.11 181.93
00729 0.982661 521.32 274.04 544.23 286.96 599.73 188.58 576.81 175.66
00729 0.934203 594.00 306.73 620.77 319.65 663.59 230.92 636.83 218.00
00729 0.727869 643.16 174.98 653.83 150.95 598.97 126.61 588.31 150.64
00729 0.638656 639.74 189.87 648.21 166.85 573.28 139.28 564.81 162.30
00729 0.355040 644.40 155.67 655.22 129.98 598.01 105.90 587.20 131.60
00730 1.000000 292.87 216.84 300.27 189.11 184.23 158.12 176.83 185.85
00730 1.000000 529.76 358.00 555.37 371.00 616.64 250.34 591.03 237.34
00730 1.000000 457.72 316.59 482.34 328.24 533.62 219.85 508.99 208.20
00730 1.000000 474.58 480.33 490.64 457.33 407.13 399.03 391.07 422.04
00730 0.995557 303.73 263.15 313.58 236.90 203.83 195.72 193.98 221.98
00730 0.995453 352.73 261.48 374.68 277.25 438.22 188.83 416.27 173.06
00730 0.981462 421.19 282.09 440.53 291.89 486.13 201.83 466.78 192.04
00730 0.939330 387.95 282.79 409.36 295.20 471.63 187.76 450.22 175.35
00730 0.348957 450.37 37.84 472.86 42.57 481.66 0.72 459.17 -4.01
00731 1.000000 413.30 489.50 429.55 466.12 348.29 409.65 332.04 433.03
00731 1.000000 235.32 227.16 243.17 199.07 127.54 166.76 119.69 194.84
00731 1.000000 470.51 365.78 494.52 379.81 561.00 266.02 536.99 251.99
00731 1.000000 293.68 274.02 315.06 289.50 379.36 200.65 357.98 185.18
00731 1.000000 399.20 328.51 423.21 339.76 477.15 224.68 453.15 213.43
00731 0.992471 361.36 293.10 381.23 303.05 427.37 210.89 407.50 200.94
00731 0.981611 244.02 276.10 255.41 247.89 146.27 203.82 134.88 232.03
00731 0.973151 330.72 292.92 351.68 303.85 406.96 197.78 386.00 186.85
00732 1.000000 190.52 375.77 202.24 346.25 92.32 302.63 80.60 332.14
00732 1.000000 180.52 328.47 188.56 298.99 66.36 265.68 58.32 295.16
00732 1.000000 420.41 465.93 444.08 478.81 507.44 362.28 483.77 349.41
00732 1.000000 243.66 375.61 265.15 389.74 324.38 299.69 302.90 285.56
00732 1.000000 346.75 428.45 369.51 439.74 424.27 329.26 401.51 317.98
00732 0.971985 310.35 390.29 330.48 400.34 374.85 311.47 354.72 301.42
00732 0.928858 275.45 389.95 295.99 402.03 353.88 303.68 333.34 291.59
00733 1.000000 185.85 475.32 193.22 442.90 71.10 415.12 63.72 447.54
00733 0.999821 192.65 520.77 203.53 489.24 95.90 452.07 85.01 483.60
00733 0.916919 326.62 510.15 346.63 520.24 377.78 458.48 357.76 448.39
00733 0.901842 252.01 512.46 276.64 527.49 324.80 448.60 300.17 433.57
00733 0.849517 386.38 515.09 405.12 522.34 423.34 475.25 404.60 468.00
00733 0.807545 294.97 511.57 316.45 523.16 355.04 451.58 333.56 439.99
00734 1.000000 176.69 515.19 184.16 484.26 61.84 454.68 54.36 485.61
00734 0.901476 264.22 511.53 284.06 527.14 312.40 491.10 292.55 475.50
00734 0.755083 302.89 510.84 321.25 522.34 339.76 492.77 321.40 481.28
00734 0.589468 331.18 510.50 349.37 523.80 365.96 501.11 347.77 487.81
00734 0.489279 134.98 514.74 135.50 492.46 78.31 491.12 77.79 513.40
00736 0.990525 599.88 88.57 629.92 91.99 640.23 1.62 610.19 -1.81
00736 0.971419 539.86 63.16 563.97 78.16 611.18 2.32 587.07 -12.69
00736 0.460807 540.04 10.00 561.99 22.46 573.41 2.33 551.46 -10.12
00747 1.000000 535.20 261.83 558.07 277.49 628.57 174.56 605.70 158.90
00747 1.000000 600.90 281.63 622.94 282.89 628.30 189.38 606.26 188.12
00757 1.000000 604.69 83.48 627.30 85.70 636.02 -3.21 613.42 -5.43
00757 1.000000 532.15 402.98 556.00 419.78 628.42 316.98 604.57 300.17
00757 0.960955 591.31 428.82 618.32 431.61 628.44 333.54 601.43 330.76
00757 0.295963 629.01 383.99 642.53 384.20 643.54 317.58 630.02 317.38
00758 1.000000 532.39 485.32 555.17 501.74 622.89 407.74 600.11 391.32
00758 1.000000 600.13 166.98 626.32 170.59 641.89 57.34 615.70 53.74
00758 0.940877 598.85 502.68 619.13 504.87 628.10 421.81 607.82 419.62
00758 0.413145 627.54 459.05 641.18 459.59 644.22 382.94 630.58 382.40
00804 0.402811 146.72 34.47 161.00 25.10 139.26 -8.01 124.98 1.37
00898 0.299645 302.29 480.42 297.18 465.74 245.18 483.84 250.29 498.51
00913 0.267382 612.17 125.91 604.99 116.35 583.03 132.85 590.21 142.41
00914 0.387580 648.84 291.15 637.52 276.57 600.10 305.61 611.41 320.19
00915 0.384254 360.48 513.01 375.66 512.45 374.62 483.70 359.44 484.25
00918 0.614264 469.95 346.74 485.05 357.40 524.69 301.21 509.58 290.55
00918 0.478476 466.49 277.94 461.11 266.00 428.71 280.60 434.09 292.54
00928 0.488215 497.17 488.22 512.35 496.35 543.64 437.98 528.46 429.84
00928 0.322233 486.93 411.40 480.72 400.30 446.59 419.37 452.80 430.48
00929 0.534550 525.53 298.13 530.03 286.35 495.85 273.28 491.34 285.05
00930 0.368074 402.57 512.48 413.55 516.59 425.56 484.56 414.58 480.45
00930 0.309020 393.47 511.69 408.57 516.08 420.10 476.43 405.01 472.04
00989 0.620117 123.42 506.49 156.53 525.31 190.26 465.96 157.16 447.14
00995 1.000000 435.02 104.54 449.23 73.59 345.72 26.06 331.51 57.01
00995 0.947256 103.95 366.89 128.24 356.43 87.53 261.92 63.24 272.38
01039 0.992868 235.32 452.74 262.46 452.96 263.33 342.84 236.19 342.62
01039 0.874146 639.70 270.03 664.75 245.01 608.84 189.06 583.79 214.08
01050 0.848554 399.60 511.40 423.21 520.47 451.94 445.70 428.33 436.63
01069 0.385390 121.43 107.44 152.27 112.40 167.02 20.64 136.19 15.68
01070 0.702917 314.87 206.29 339.83 217.43 379.45 128.63 354.48 117.49
01071 0.265103 389.11 357.99 415.97 374.07 468.42 286.47 441.56 270.39
01073 0.870881 401.31 479.00 426.97 492.84 473.13 407.25 447.47 393.41
01112 0.250689 602.48 140.58 582.03 113.19 483.34 186.89 503.79 214.28
01344 0.494082 194.74 123.98 213.92 139.30 249.97 94.20 230.79 78.87
01453 0.370158 90.08 73.64 106.31 73.76 106.76 10.26 90.53 10.14
01454 0.321729 70.35 205.71 87.93 202.46 75.66 136.20 58.08 139.45
01455 0.255939 77.58 344.85 95.64 337.16 69.22 275.15 51.16 282.85
