00007 0.918552 591.75 116.31 612.90 114.35 608.46 66.32 587.31 68.28
00007 0.864334 427.42 210.71 447.77 211.37 449.38 161.33 429.03 160.68
00008 0.581202 464.61 297.66 484.71 298.02 485.60 249.29 465.50 248.92
00009 0.809760 480.54 356.79 500.48 357.28 501.68 308.65 481.73 308.16
00009 0.441664 455.69 149.76 471.40 151.54 475.54 115.08 459.83 113.30
00010 0.827420 608.45 406.11 627.10 404.34 622.59 356.80 603.93 358.57
00010 0.576479 445.09 500.45 466.27 501.26 468.25 449.82 447.07 449.01
00011 0.690582 573.77 486.50 591.54 484.82 587.12 438.16 569.35 439.84
00014 0.468923 165.86 362.01 183.56 368.37 200.39 321.59 182.69 315.22
00032 0.874311 431.10 161.17 447.46 158.08 441.25 125.32 424.90 128.41
00032 0.789524 542.64 91.29 559.10 87.09 551.36 56.73 534.90 60.93
00033 0.880502 610.01 383.24 627.07 377.44 614.57 340.65 597.51 346.45
00033 0.830777 476.40 482.31 497.18 479.15 490.21 433.31 469.43 436.47
00033 0.618256 618.49 405.40 639.44 396.96 616.12 339.09 595.17 347.53
00042 0.438551 92.94 31.30 109.87 31.75 110.72 -0.01 93.79 -0.46
00043 0.787479 192.70 63.22 208.82 65.31 212.87 34.07 196.75 31.98
00043 0.485289 58.23 117.66 73.09 118.16 74.27 83.14 59.41 82.64
00044 0.873400 139.80 352.84 159.08 356.25 166.33 315.24 147.05 311.83
00045 0.831807 122.09 469.63 142.53 472.94 150.18 425.80 129.74 422.48
00066 0.780350 590.26 133.72 613.58 141.14 632.88 80.51 609.56 73.09
00107 0.835930 542.92 51.64 561.06 55.07 568.24 17.06 550.10 13.63
00168 0.386051 234.51 80.65 236.98 62.17 187.37 55.52 184.90 74.00
00192 0.864691 265.50 178.25 280.89 180.63 285.11 153.30 269.72 150.92
00192 0.814521 247.06 141.18 260.83 147.51 271.87 123.50 258.10 117.17
00192 0.400791 179.56 229.54 189.63 238.66 208.03 218.35 197.95 209.23
00193 0.924180 341.35 185.21 359.46 180.90 352.64 152.24 334.52 156.56
00193 0.767122 306.67 153.62 320.85 153.04 319.79 126.84 305.61 127.41
00194 0.873912 239.89 144.67 253.55 141.24 247.49 117.13 233.84 120.56
00194 0.664805 289.99 169.11 303.89 155.02 281.10 132.53 267.20 146.62
00194 0.436566 349.79 521.91 389.28 511.27 377.84 468.82 338.35 479.47
00195 0.443349 293.06 147.10 280.10 117.55 224.29 142.03 237.25 171.58
00196 0.852072 268.90 234.04 284.42 225.84 269.35 197.30 253.83 205.50
00196 0.830911 218.15 206.21 234.02 202.57 227.27 173.14 211.40 176.78
00197 0.962936 206.14 268.76 222.41 265.75 217.13 237.16 200.86 240.17
00197 0.766331 261.21 299.31 277.59 291.29 262.36 260.19 245.97 268.22
00197 0.260848 263.27 264.16 279.31 251.46 249.76 214.15 233.72 226.85
00218 0.452392 315.90 161.97 301.47 140.40 258.25 169.34 272.68 190.90
00226 0.496022 294.75 506.00 320.25 526.86 356.31 482.77 330.81 461.92
00226 0.392653 312.81 269.93 331.60 284.61 357.66 251.26 338.86 236.58
00227 0.919094 139.62 275.02 152.38 259.91 119.92 232.49 107.16 247.60
00227 0.265570 270.22 286.40 296.06 268.21 265.46 224.76 239.62 242.95
00228 0.893749 139.75 275.44 153.71 260.26 121.46 230.61 107.50 245.79
00228 0.358395 273.96 289.58 299.46 270.89 265.49 224.55 240.00 243.23
00252 0.438453 490.27 279.41 504.94 267.14 480.85 238.34 466.18 250.62
00253 0.360780 475.39 174.47 486.42 156.58 458.52 139.38 447.49 157.28
00254 0.361065 521.47 276.11 528.65 258.88 489.58 242.59 482.40 259.82
00255 0.275427 550.83 294.96 572.88 266.17 521.50 226.82 499.45 255.61
00260 0.305239 543.39 189.28 585.62 185.05 571.77 46.60 529.54 50.83
00261 0.350608 339.55 388.31 336.61 370.83 302.13 376.64 305.08 394.12
00261 0.281963 156.08 335.08 146.62 323.22 121.10 343.57 130.57 355.44
00263 0.397830 121.38 73.05 124.60 47.49 80.51 41.94 77.29 67.50
00266 0.955207 538.30 154.05 544.16 129.92 489.16 116.58 483.31 140.71
00266 0.437949 528.53 140.72 529.62 122.73 487.72 120.20 486.63 138.18
00266 0.282017 227.88 135.42 238.39 131.87 232.27 113.77 221.77 117.32
00267 0.691105 417.73 122.30 417.03 101.49 377.14 102.84 377.84 123.65
00267 0.318563 131.32 187.71 143.73 173.97 121.78 154.15 109.37 167.89
00269 0.437225 418.20 41.14 413.89 27.71 385.94 36.69 390.25 50.12
00270 0.724121 172.69 37.91 166.32 26.61 145.01 38.63 151.38 49.93
00271 0.492263 170.57 66.80 161.46 53.35 133.57 72.23 142.67 85.68
00274 0.862533 233.47 450.55 241.37 422.20 173.43 403.25 165.53 431.60
00275 0.804455 497.72 429.64 491.83 407.70 450.62 418.76 456.51 440.70
00275 0.410220 159.82 484.95 156.95 461.77 103.82 468.35 106.70 491.53
00276 0.680978 564.48 357.76 546.30 333.55 505.78 363.97 523.96 388.19
00277 0.805152 598.16 461.32 575.31 437.12 534.00 476.11 556.84 500.32
00278 0.749562 555.07 463.03 581.04 482.67 620.14 430.97 594.17 411.33
00279 0.707333 575.75 364.80 597.31 379.35 620.19 345.46 598.62 330.91
00281 0.600712 526.59 195.24 553.47 193.32 549.87 143.00 522.99 144.93
00284 0.418887 498.31 173.94 523.87 171.10 519.04 127.75 493.48 130.59
00286 0.778349 444.01 123.07 466.62 110.17 444.61 71.61 422.00 84.51
00287 0.698987 337.38 87.62 348.37 63.86 298.54 40.82 287.55 64.57
00288 0.701146 285.58 129.48 300.54 100.00 240.09 69.30 225.12 98.78
00288 0.261195 231.64 103.70 253.45 108.81 260.78 77.59 238.97 72.47
00289 0.797022 203.01 76.62 200.54 56.11 154.69 61.63 157.16 82.14
00289 0.341276 413.44 50.62 425.20 42.46 410.97 21.93 399.21 30.08
00290 0.396455 139.32 155.19 130.03 136.60 93.99 154.60 103.28 173.20
00293 0.724858 451.29 162.37 453.49 130.65 389.76 126.21 387.56 157.94
00293 0.505924 51.95 114.19 69.34 110.35 64.74 89.54 47.35 93.38
00293 0.406817 423.11 136.25 412.66 121.24 386.64 139.35 397.09 154.36
00296 0.551192 207.20 160.50 210.50 130.43 147.13 123.47 143.83 153.54
00297 0.686961 115.64 167.55 112.74 135.31 54.20 140.57 57.10 172.81
00420 0.302137 508.26 45.16 503.11 29.84 463.90 43.02 469.05 58.35
00461 0.534083 249.31 26.88 258.56 7.36 231.37 -5.53 222.12 13.99
00462 0.518906 249.21 39.29 267.64 25.68 247.67 -1.36 229.23 12.25
00465 0.258392 253.70 43.10 273.71 32.96 258.91 3.75 238.90 13.89
00466 0.435093 270.19 40.49 273.27 17.07 241.01 12.82 237.92 36.24
00467 0.529008 270.66 39.12 272.01 16.44 241.83 14.63 240.48 37.31
00468 0.477336 284.44 34.58 283.45 12.77 252.59 14.16 253.57 35.97
00469 0.494993 367.80 23.79 365.80 7.22 337.85 10.60 339.85 27.17
00471 0.415340 625.29 140.94 655.52 124.24 621.97 63.52 591.75 80.22
00476 0.251105 537.71 384.14 534.53 365.82 504.06 371.12 507.24 389.43
00477 0.333156 527.13 517.34 556.01 508.57 543.07 465.94 514.18 474.71
00483 0.262091 574.07 489.77 584.28 485.92 571.04 450.77 560.83 454.62
00483 0.255086 589.43 504.88 600.46 499.67 586.01 469.10 574.98 474.31
00489 0.734845 448.88 56.69 466.82 56.17 465.75 19.08 447.81 19.60
00490 0.336228 470.73 69.45 489.07 69.66 489.47 35.88 471.13 35.66
00491 0.701676 495.17 102.71 514.74 102.82 514.95 64.70 495.38 64.60
00492 0.474761 521.75 188.43 541.72 188.31 541.48 148.01 521.51 148.12
00514 0.549796 586.58 186.24 598.23 165.25 557.97 142.91 546.32 163.89
00515 0.520173 150.00 267.38 161.34 254.66 136.17 232.21 124.83 244.93
00516 0.523855 429.68 92.62 436.64 75.12 400.71 60.83 393.75 78.33
00520 0.403608 238.20 26.92 242.36 5.14 207.98 -1.43 203.82 20.35
00521 0.279840 116.51 40.73 119.60 20.75 82.20 14.97 79.11 34.95
00525 0.367635 365.98 385.23 361.41 363.79 319.74 372.68 324.31 394.12
00533 0.259941 342.40 33.06 331.40 16.10 298.58 37.39 309.58 54.35
00534 0.337463 46.88 176.16 60.59 187.95 85.92 158.51 72.21 146.71
00534 0.306026 334.61 64.39 321.69 49.36 292.25 74.66 305.17 89.68
00536 0.554323 194.86 187.37 179.12 167.29 146.71 192.71 162.45 212.79
00539 0.335701 73.95 387.05 79.35 370.94 49.33 360.88 43.93 376.99
00541 0.571652 48.46 496.26 54.84 480.81 25.64 468.75 19.26 484.20
00552 1.000000 528.48 109.84 533.13 89.75 494.13 80.71 489.47 100.81
00552 0.337590 594.62 112.67 596.13 92.76 543.89 88.80 542.38 108.71
00553 1.000000 555.89 143.14 562.10 121.31 519.46 109.18 513.25 131.01
00554 1.000000 608.82 264.51 617.07 244.73 575.52 227.41 567.27 247.19
00554 0.658283 180.37 72.90 191.39 78.15 201.33 57.28 190.31 52.03
00554 0.261839 633.04 260.70 644.60 255.30 637.68 240.50 626.12 245.91
00555 0.949563 638.73 328.82 646.87 311.14 614.29 296.15 606.15 313.83
00555 0.803899 212.00 115.30 224.15 121.60 236.16 98.41 224.01 92.11
00555 0.357063 243.85 195.07 255.76 177.42 200.13 139.87 188.22 157.52
00555 0.308114 135.17 50.00 162.20 56.60 175.67 1.46 148.63 -5.14
00555 0.320281 639.12 333.28 644.32 316.11 628.01 311.17 622.81 328.34
00556 0.651475 206.56 87.22 200.93 64.96 154.12 76.80 159.75 99.06
00556 0.603860 232.81 162.64 245.69 169.19 257.44 146.09 244.56 139.54
00557 0.550302 275.32 216.20 288.17 222.96 301.18 198.21 288.33 191.46
00558 0.653922 430.25 25.02 432.80 8.84 401.59 3.92 399.03 20.10
00558 0.539195 400.82 43.51 401.17 24.76 361.44 24.02 361.08 42.76
00558 0.388525 383.79 38.11 400.72 38.51 401.65 -1.96 384.72 -2.36
00558 0.381712 301.62 27.00 301.80 9.63 274.84 9.36 274.66 26.72
00558 0.265404 318.06 266.54 331.92 278.25 350.67 256.07 336.81 244.36
00559 0.892343 292.98 73.60 315.80 80.39 328.11 38.98 305.30 32.20
00559 0.800861 424.19 96.01 424.63 75.44 382.03 74.52 381.59 95.09
00559 0.591025 397.90 94.60 421.12 98.90 433.50 32.04 410.29 27.74
00559 0.495068 339.65 328.98 350.84 338.96 369.01 318.57 357.82 308.59
00559 0.374908 337.26 328.68 353.50 341.28 390.31 293.80 374.07 281.21
00560 0.913964 296.26 128.65 318.20 134.41 329.73 90.48 307.79 84.72
00560 0.825859 345.38 398.78 359.93 409.60 377.96 385.33 363.41 374.52
00560 0.673262 65.36 54.60 83.77 42.56 50.68 -8.03 32.27 4.01
00560 0.533232 447.74 390.52 457.76 396.23 470.99 372.99 460.97 367.29
00560 0.420836 431.80 152.68 433.80 129.35 389.51 125.56 387.52 148.90
00560 0.392024 392.88 146.33 422.22 155.29 443.53 85.55 414.19 76.58
00560 0.413230 71.54 55.65 86.61 41.49 64.32 17.77 49.25 31.92
00560 0.435751 343.26 398.17 360.38 410.43 397.75 358.23 380.63 345.97
00561 0.653162 581.86 325.95 606.24 327.61 610.66 262.69 586.28 261.03
00563 0.621603 334.97 102.76 342.53 107.25 351.25 92.55 343.70 88.07
00563 0.266625 478.87 6.82 487.61 10.31 491.43 0.73 482.69 -2.75
00564 0.333492 312.31 300.84 320.66 305.79 330.70 288.87 322.35 283.91
00565 0.458219 219.81 438.88 229.97 441.93 236.11 421.51 225.95 418.45
00567 0.539451 312.09 128.54 320.04 115.30 297.33 101.68 289.39 114.93
00574 0.976687 166.54 164.42 178.70 173.37 198.28 146.75 186.13 137.80
00575 0.968864 159.22 260.44 172.42 269.27 189.85 243.20 176.64 234.37
00576 0.941185 147.36 441.14 162.41 450.26 181.92 418.05 166.87 408.93
00577 0.401058 123.30 403.19 136.89 403.19 136.88 375.06 123.29 375.07
00579 0.453263 260.23 361.22 273.67 372.53 297.53 344.19 284.09 332.88
00580 0.722452 252.68 421.63 270.83 434.15 296.18 397.39 278.03 384.87
00585 0.978575 389.35 40.90 391.95 21.95 352.38 16.52 349.78 35.47
00585 0.452858 301.83 29.54 312.31 10.79 289.41 -2.01 278.93 16.75
00586 1.000000 397.87 90.14 399.35 69.82 359.03 66.88 357.55 87.20
00586 0.311033 450.97 85.42 451.26 68.17 410.93 67.51 410.65 84.76
00647 0.299300 357.54 224.54 362.58 201.35 323.61 192.89 318.57 216.07
00697 0.886775 163.84 160.97 157.51 145.02 122.84 158.79 129.17 174.74
00698 0.775097 172.05 77.59 165.97 59.42 123.40 73.65 129.48 91.83
00699 0.342994 357.71 79.18 374.92 64.37 351.84 37.55 334.63 52.37
00700 0.345229 189.93 456.82 201.90 465.54 220.82 439.58 208.85 430.86
00702 0.250375 582.06 525.33 595.52 507.38 557.12 478.60 543.66 496.55
00703 0.857080 148.91 56.74 146.68 37.53 109.98 41.79 112.22 61.01
00703 0.379182 257.61 171.45 275.72 164.59 259.93 122.89 241.82 129.74
00713 0.390489 47.77 25.43 56.08 8.43 10.94 -13.64 2.63 3.37
00714 0.575605 140.58 214.77 135.26 199.95 106.29 210.36 111.61 225.18
00725 0.918841 140.43 331.67 135.25 316.21 97.98 328.70 103.15 344.16
00725 0.638763 268.27 415.16 282.08 403.75 258.85 375.62 245.03 387.04
00736 0.692831 150.93 392.55 145.98 377.73 103.34 391.97 108.29 406.80
00738 0.523805 265.17 120.34 275.91 102.12 238.74 80.22 228.00 98.45
00739 0.672337 272.37 233.84 280.82 213.18 239.73 196.37 231.28 217.03
00743 0.401533 501.83 301.98 514.06 284.35 477.50 259.00 465.27 276.63
00744 0.369039 640.42 423.84 638.90 398.48 601.89 400.70 603.42 426.06
00760 0.356877 545.13 486.58 558.26 494.47 571.68 472.12 558.55 464.24
00763 0.282712 578.98 65.22 597.36 60.28 589.59 31.37 571.21 36.31
00768 0.759760 136.32 68.36 144.37 60.12 127.85 43.98 119.80 52.23
00772 0.537801 128.71 125.76 136.49 118.43 121.19 102.17 113.41 109.49
00779 0.260899 114.39 204.75 124.05 196.91 109.55 179.05 99.89 186.89
00780 0.865235 81.13 420.03 90.96 407.17 65.29 387.57 55.47 400.43
00780 0.285366 69.57 413.51 86.40 416.86 94.24 377.46 77.41 374.11
00781 0.899161 71.35 489.82 80.60 475.04 51.54 456.86 42.29 471.64
00794 0.350628 430.02 151.39 436.68 143.82 420.80 129.83 414.14 137.40
00896 0.284971 190.21 36.82 197.61 42.19 209.25 26.15 201.85 20.77
00897 0.250535 312.95 340.45 306.81 325.42 271.00 340.05 277.14 355.08
00898 0.644690 302.49 479.35 295.73 466.56 263.73 483.47 270.49 496.26
00906 0.429461 142.38 118.91 141.78 107.71 121.27 108.82 121.87 120.02
00907 0.379081 123.86 170.18 132.34 175.75 144.57 157.11 136.09 151.54
00908 0.396354 171.32 257.73 169.49 247.63 148.81 251.37 150.64 261.48
00909 0.787608 176.34 488.28 176.11 473.95 151.86 474.34 152.09 488.67
00914 0.331474 297.27 253.28 297.00 241.00 275.88 241.46 276.14 253.73
00915 0.255724 628.53 361.27 650.82 353.14 640.72 325.43 618.42 333.56
00930 0.825990 398.95 484.24 400.40 471.99 369.33 468.32 367.88 480.58
00931 0.412506 210.40 12.18 205.35 3.78 191.16 12.31 196.21 20.71
00933 0.449481 286.29 216.71 279.88 207.30 262.70 219.01 269.11 228.41
00995 0.825105 471.30 131.01 482.71 112.17 451.29 93.15 439.88 111.99
01052 0.397336 172.97 34.30 173.90 16.41 147.98 15.06 147.05 32.96
01090 0.683768 304.30 272.64 297.96 238.34 202.44 256.00 208.79 290.30
01112 0.662249 279.25 299.43 270.09 284.60 239.09 303.75 248.26 318.58
01113 0.311758 401.78 87.55 429.58 80.58 409.57 0.77 381.77 7.74
01247 0.260743 633.80 230.19 639.05 220.04 614.06 207.12 608.81 217.27
01322 0.297152 575.34 227.55 573.49 209.73 538.00 213.41 539.84 231.23
01455 0.302256 114.64 264.42 118.39 251.08 85.68 241.88 81.93 255.23
