00004 0.861006 213.51 73.81 220.26 73.81 220.27 61.63 213.51 61.63
00015 1.000000 280.58 247.71 286.95 249.72 290.56 238.32 284.19 236.30
00017 0.291532 333.68 100.29 339.46 101.79 342.27 90.97 336.49 89.47
00023 0.836182 190.77 179.98 196.44 176.22 188.67 164.50 183.00 168.25
00042 0.827564 355.31 324.59 360.42 325.03 361.25 315.55 356.14 315.10
00047 0.510072 255.67 365.32 262.08 365.81 263.10 352.52 256.69 352.03
00049 0.803544 223.51 298.23 229.72 298.93 231.04 287.04 224.83 286.34
00064 0.301847 572.13 335.58 571.70 325.01 550.45 325.87 550.88 336.44
00075 0.804922 500.80 341.69 500.62 333.39 486.68 333.69 486.86 341.99
00085 0.642783 352.61 82.09 357.41 83.88 360.20 76.39 355.41 74.60
00086 0.366074 407.68 353.20 407.30 344.18 393.06 344.77 393.43 353.79
00097 0.399678 412.46 350.99 411.78 340.48 391.78 341.77 392.46 352.29
00098 0.251946 133.27 513.36 140.89 514.47 142.58 502.85 134.97 501.74
00099 0.915576 339.94 252.74 346.42 254.82 350.15 243.18 343.67 241.10
00100 0.947587 413.16 49.62 420.00 51.36 423.25 38.61 416.42 36.87
00101 0.645791 242.12 125.16 248.33 127.02 251.83 115.29 245.62 113.44
00132 0.640739 104.73 421.11 112.70 423.33 116.47 409.84 108.50 407.61
00158 0.636549 185.08 306.00 185.02 298.82 172.41 298.93 172.47 306.11
00176 0.262210 409.06 109.01 411.11 101.55 396.00 97.41 393.95 104.87
00188 0.925245 406.98 345.08 405.80 336.56 386.71 339.21 387.89 347.72
00216 0.314522 171.84 262.55 170.11 252.69 151.47 255.96 153.21 265.82
00248 0.436185 268.59 159.11 274.00 156.44 269.17 146.67 263.76 149.34
00249 0.436026 268.79 158.30 274.66 154.87 268.81 144.82 262.93 148.24
00302 0.275765 50.72 445.96 51.58 435.63 29.21 433.78 28.35 444.12
00315 0.392351 596.78 126.03 604.16 124.95 602.22 111.71 594.84 112.78
00320 0.544029 77.42 407.70 87.43 390.68 78.36 385.34 68.34 402.36
00321 0.794334 108.59 318.15 115.22 324.19 128.42 309.68 121.80 303.65
00321 0.519552 259.09 136.36 264.64 140.88 273.14 130.45 267.60 125.93
00326 0.262095 594.09 116.92 608.60 116.40 607.36 82.28 592.85 82.81
00328 0.906596 440.24 31.80 449.40 31.15 448.20 14.26 439.04 14.92
00332 0.310252 432.14 325.84 440.94 325.20 439.92 311.35 431.12 312.00
00333 0.772455 158.45 476.88 171.55 476.96 171.69 455.08 158.58 455.00
00351 0.553356 90.62 335.66 98.16 335.85 98.58 318.86 91.04 318.67
00351 0.486722 115.41 156.39 123.24 160.08 130.09 145.54 122.25 141.85
00351 0.294757 286.36 167.41 292.34 167.76 292.96 157.12 286.99 156.77
00352 0.875205 54.14 322.36 62.75 324.84 67.98 306.68 59.37 304.20
00352 0.809446 301.42 396.00 309.54 396.81 310.93 382.83 302.81 382.02
00353 0.593580 158.36 132.82 157.30 126.29 143.12 128.58 144.18 135.11
00353 0.411546 431.01 104.51 439.54 105.58 440.90 94.66 432.37 93.59
00353 0.273665 271.34 509.25 281.03 508.88 280.53 495.37 270.83 495.73
00353 0.323916 427.12 104.07 435.66 105.08 436.94 94.29 428.41 93.28
00354 0.851635 388.52 425.32 397.31 426.11 399.05 406.83 390.27 406.03
00355 0.892600 387.11 373.56 396.14 375.61 400.37 356.93 391.35 354.88
00355 0.281553 430.26 265.27 439.89 267.18 443.22 250.44 433.59 248.52
00356 0.551824 550.90 210.99 548.48 202.97 534.86 207.09 537.29 215.11
00357 0.408698 286.27 51.60 292.80 54.71 297.92 43.93 291.39 40.83
00357 0.323316 608.42 230.57 607.04 223.61 593.99 226.19 595.37 233.15
00358 0.452589 50.46 229.00 51.35 223.04 41.51 221.57 40.62 227.54
00358 0.471784 118.66 240.11 119.44 233.84 107.59 232.37 106.81 238.64
00361 0.375240 151.54 466.09 157.98 468.02 161.09 457.63 154.66 455.70
00361 0.286698 391.08 490.89 399.36 492.93 402.43 480.47 394.15 478.43
00362 0.317917 410.15 346.22 419.32 347.38 420.96 334.32 411.79 333.16
00365 0.354674 383.08 383.68 392.02 386.43 396.32 372.48 387.38 369.72
00367 0.332023 475.54 386.32 485.06 388.51 488.92 371.75 479.40 369.56
00368 0.392469 485.94 246.03 496.96 247.21 498.61 231.78 487.60 230.60
00368 0.301917 433.39 382.76 440.55 384.16 442.84 372.41 435.68 371.01
00370 0.431126 383.50 352.34 391.98 355.44 396.68 342.57 388.21 339.47
00373 0.767373 447.47 271.78 440.66 264.40 427.81 276.25 434.62 283.63
00374 0.295988 192.14 500.92 187.30 492.42 170.96 501.74 175.80 510.24
00378 0.344599 206.36 342.62 203.05 337.40 194.22 342.99 197.53 348.21
00381 0.685040 52.50 340.80 47.35 331.71 30.34 341.34 35.48 350.43
00386 0.285209 401.56 196.49 408.22 196.72 408.76 181.66 402.10 181.43
00388 0.258431 138.90 476.77 147.04 476.97 147.45 459.93 139.31 459.74
00392 0.580094 310.47 370.35 317.79 371.13 319.55 354.62 312.23 353.84
00393 0.934149 323.47 312.82 330.51 312.83 330.53 298.62 323.49 298.61
00393 0.501054 340.43 46.47 349.68 47.91 352.03 32.76 342.79 31.32
00394 0.969134 335.60 273.04 342.94 273.50 343.82 259.67 336.48 259.21
00395 0.954389 355.86 252.54 363.23 252.73 363.63 237.27 356.25 237.08
00395 0.651622 261.53 274.26 268.66 275.09 270.48 259.53 263.34 258.70
00395 0.618527 258.64 282.60 265.80 283.62 268.30 266.05 261.14 265.03
00396 0.738055 388.17 202.18 396.47 202.55 397.17 187.13 388.87 186.76
00398 0.483710 203.99 87.90 203.16 78.50 183.01 80.28 183.84 89.68
00409 0.499432 51.28 130.47 50.13 117.71 25.92 119.90 27.07 132.66
00416 0.371048 71.83 92.18 71.24 86.29 60.60 87.37 61.19 93.25
00433 0.373994 429.07 411.98 436.33 407.09 428.22 395.04 420.96 399.94
00440 0.271177 203.24 234.90 208.99 230.43 199.87 218.69 194.12 223.16
00443 0.932858 301.59 280.68 307.46 276.95 300.96 266.71 295.09 270.43
00444 0.788009 389.52 280.76 395.25 275.44 386.54 266.06 380.82 271.37
00445 0.464761 438.60 290.10 444.95 285.27 435.93 273.40 429.58 278.23
00447 0.596025 543.88 312.47 550.17 307.21 540.60 295.77 534.32 301.02
00448 0.751724 581.78 328.35 587.34 323.16 577.82 312.96 572.27 318.15
00456 0.365292 44.28 45.89 47.93 41.17 40.08 35.09 36.42 39.81
00457 0.567077 37.60 75.51 41.25 70.49 33.83 65.08 30.17 70.10
00460 0.274859 338.94 215.71 340.75 206.65 323.15 203.13 321.33 212.19
00471 0.571083 176.93 62.66 184.35 61.68 182.73 49.51 175.31 50.49
00472 0.305058 198.25 118.81 205.32 118.10 204.00 104.88 196.92 105.59
00473 0.411166 539.27 407.19 549.14 405.58 546.30 388.13 536.44 389.73
00475 0.922050 246.26 427.49 254.95 425.38 250.80 408.31 242.11 410.42
00475 0.374149 565.81 417.54 574.29 412.31 563.78 395.28 555.30 400.52
00476 0.423224 533.53 336.25 540.41 331.63 530.56 316.96 523.69 321.57
00477 0.731197 479.65 374.08 485.75 367.27 472.78 355.66 466.68 362.47
00478 0.926843 187.20 41.07 194.48 38.13 189.82 26.62 182.54 29.57
00478 0.554288 468.65 436.40 474.86 429.70 460.45 416.33 454.24 423.03
00479 1.000000 188.81 187.50 197.27 184.52 192.05 169.69 183.59 172.67
00480 0.927835 208.73 296.09 217.94 295.16 216.42 280.08 207.21 281.00
00481 1.000000 229.26 383.82 238.28 380.51 232.31 364.31 223.30 367.63
00482 0.861914 256.07 507.41 267.83 501.61 256.93 479.52 245.17 485.33
00483 0.536401 298.92 183.20 309.48 178.87 301.92 160.43 291.36 164.76
00483 0.259476 74.38 109.94 84.23 105.99 78.03 90.56 68.19 94.51
00486 0.657489 321.16 431.92 328.74 427.62 320.96 413.88 313.37 418.18
00486 0.400644 76.43 245.17 86.37 240.66 79.21 224.87 69.27 229.38
00487 0.723822 298.82 442.78 305.46 441.90 303.43 426.59 296.79 427.48
00487 0.530259 578.77 52.06 588.61 52.37 589.26 31.75 579.41 31.44
00487 0.331676 561.19 51.42 571.42 47.75 565.14 30.26 554.91 33.94
00488 0.608147 288.79 467.90 295.12 467.19 293.44 452.17 287.12 452.87
00488 0.416104 595.53 102.12 606.65 103.22 608.76 82.01 597.64 80.90
00488 0.254388 433.38 303.06 438.29 295.63 423.26 285.69 418.34 293.11
00489 0.721505 276.39 461.39 283.83 460.17 281.35 445.08 273.92 446.30
00490 0.793423 281.89 417.12 288.56 416.55 287.11 399.91 280.45 400.48
00490 0.751034 613.22 161.38 624.17 157.39 617.31 138.55 606.36 142.54
00490 0.319694 460.49 383.39 465.29 375.27 448.94 365.62 444.14 373.74
00491 0.633058 271.88 299.95 280.29 301.10 282.47 285.15 274.07 284.00
00493 0.271620 280.39 137.62 287.66 137.99 288.34 124.64 281.07 124.27
00494 0.300633 282.41 351.60 289.83 350.18 286.63 333.40 279.21 334.82
00495 0.862690 266.61 342.82 273.79 340.16 268.56 326.01 261.38 328.67
00497 0.801931 238.97 367.83 246.86 365.63 242.83 351.19 234.95 353.39
00498 0.661973 95.61 361.06 103.47 362.05 105.31 347.46 97.45 346.47
00503 0.698698 84.70 414.75 90.99 408.19 78.69 396.40 72.41 402.96
00504 0.278190 231.44 381.48 238.00 377.40 230.10 364.71 223.55 368.79
00509 0.434310 295.30 395.08 301.14 394.26 299.69 383.88 293.84 384.71
00511 0.256968 205.08 88.15 210.17 85.16 206.10 78.22 201.01 81.21
00512 0.305475 83.56 101.08 88.03 98.62 84.18 91.60 79.70 94.06
00513 0.264707 91.46 96.05 90.33 89.77 81.56 91.35 82.70 97.63
00514 0.826779 504.39 496.53 509.33 490.10 497.93 481.33 492.99 487.75
00515 0.796811 525.51 452.83 530.33 444.39 516.51 436.48 511.68 444.91
00516 0.420927 430.95 374.56 434.73 367.44 422.65 361.02 418.87 368.14
00517 0.357849 448.39 320.09 451.97 312.49 440.88 307.25 437.29 314.85
00522 0.374067 357.48 286.09 357.20 276.29 344.53 276.65 344.81 286.44
00523 0.320264 297.01 284.13 296.15 276.04 280.81 277.66 281.67 285.76
00525 0.324986 335.82 178.75 330.63 168.68 312.41 178.08 317.60 188.15
00526 0.821698 238.61 217.11 231.83 209.08 215.58 222.78 222.36 230.82
00528 0.748449 136.01 321.49 128.77 313.31 112.20 327.98 119.44 336.16
00530 0.590092 83.06 374.05 75.10 364.02 59.33 376.54 67.29 386.57
00540 0.824476 283.01 36.20 281.09 25.42 260.33 29.11 262.24 39.89
00547 0.495903 339.19 340.15 345.88 340.57 346.61 329.11 339.92 328.68
00548 0.565329 337.81 446.11 344.72 446.73 346.04 431.97 339.12 431.36
00548 0.310941 370.16 447.99 376.81 448.81 378.31 436.68 371.67 435.86
00552 0.251085 139.31 500.73 144.30 501.60 146.03 491.70 141.03 490.83
00554 0.507143 270.95 176.14 276.68 175.47 275.62 166.41 269.89 167.07
00554 0.304192 355.03 66.55 360.22 67.26 361.44 58.36 356.25 57.65
00556 0.429613 380.53 269.24 386.90 268.63 385.82 257.29 379.45 257.90
00557 0.398248 412.62 358.63 418.53 360.61 421.92 350.49 416.01 348.51
00558 0.557080 442.77 459.52 449.18 461.57 453.17 449.04 446.76 447.00
00570 0.652554 406.67 357.41 410.59 352.86 402.21 345.66 398.29 350.21
00574 0.263234 47.44 264.33 50.09 258.89 41.50 254.71 38.85 260.14
00584 0.296069 239.60 492.80 244.56 492.61 244.17 482.90 239.22 483.10
00587 1.000000 327.18 291.84 332.37 287.04 318.02 271.51 312.83 276.31
00587 1.000000 331.08 279.22 336.41 273.40 322.89 260.99 317.55 266.81
00587 0.988037 360.27 270.06 364.68 265.98 352.91 253.26 348.50 257.35
00587 0.976920 366.53 263.61 371.50 259.29 359.66 245.65 354.68 249.97
00587 0.917039 353.86 277.15 358.16 273.24 346.03 259.92 341.73 263.84
00587 0.902002 313.97 312.27 320.30 309.64 313.61 293.52 307.28 296.15
00587 0.885676 322.54 307.74 328.47 305.10 321.00 288.32 315.07 290.96
00587 0.883866 347.29 281.00 351.84 277.46 341.76 264.50 337.21 268.04
00587 0.782757 343.82 297.47 348.33 293.85 338.94 282.14 334.42 285.77
00587 0.543303 398.30 323.67 405.71 318.53 394.23 302.00 386.83 307.14
00587 0.410268 597.59 311.65 606.01 312.04 606.92 292.44 598.50 292.05
00587 0.304333 346.75 284.71 350.50 281.61 341.42 270.63 337.67 273.73
00593 1.000000 81.10 383.03 77.80 374.60 62.63 380.53 65.92 388.96
00594 0.967534 182.82 458.68 177.27 451.51 165.66 460.50 171.21 467.67
00595 1.000000 275.87 497.33 284.09 501.22 291.07 486.48 282.85 482.58
00596 0.943331 375.11 493.27 385.50 493.27 385.49 475.71 375.10 475.72
00597 0.498582 440.42 464.46 448.02 457.57 435.71 443.99 428.11 450.88
00598 0.987992 324.89 469.20 330.56 463.30 315.87 449.18 310.20 455.08
00598 0.987963 364.87 441.08 369.92 436.43 356.90 422.29 351.85 426.94
00598 0.952254 330.33 455.81 334.70 449.74 318.69 438.23 314.32 444.31
00598 0.943123 341.30 475.60 346.36 472.07 337.65 459.59 332.59 463.12
00598 0.912396 311.54 492.04 318.51 489.52 311.83 471.00 304.85 473.51
00598 0.882293 350.60 453.04 354.54 449.27 344.49 438.77 340.55 442.54
00598 0.810883 343.01 459.05 346.94 455.80 337.32 444.18 333.39 447.42
00598 0.805494 318.79 486.51 325.24 484.19 319.17 467.29 312.73 469.60
00598 0.766423 355.95 451.00 360.71 446.84 350.18 434.78 345.42 438.94
00598 0.563260 346.66 456.42 350.78 452.35 340.30 441.72 336.17 445.79
00598 0.504639 379.49 438.95 386.47 431.80 373.62 419.25 366.64 426.40
00598 0.364341 361.57 447.88 367.03 442.69 354.33 429.32 348.87 434.50
00598 0.358497 189.79 452.90 197.91 451.92 195.30 430.29 187.17 431.27
00599 0.923812 462.88 430.96 471.61 425.89 462.56 410.32 453.83 415.39
00600 0.917899 454.69 419.66 464.63 417.32 460.36 399.15 450.41 401.49
00601 0.914007 441.78 429.61 449.97 425.99 443.62 411.64 435.43 415.26
00602 0.382290 429.77 444.65 438.81 440.66 432.65 426.68 423.61 430.66
00603 0.811227 419.97 462.41 427.46 460.47 423.53 445.20 416.03 447.13
00605 0.995038 129.39 158.21 137.54 158.48 138.16 139.92 130.01 139.64
00606 1.000000 546.28 160.49 551.49 155.15 536.97 141.00 531.76 146.35
00606 1.000000 538.29 169.36 542.92 163.51 529.87 153.19 525.24 159.05
00606 0.972825 510.03 176.79 515.09 171.14 499.91 157.54 494.85 163.19
00606 0.957283 503.16 185.55 508.46 179.58 492.37 165.28 487.06 171.25
00606 0.917801 547.01 137.27 554.20 135.01 548.68 117.44 541.48 119.70
00606 0.904995 143.87 467.56 151.17 467.12 150.15 450.01 142.85 450.45
00606 0.875537 520.66 166.66 525.39 161.17 512.56 150.13 507.84 155.62
00606 0.840015 538.03 141.41 544.39 139.19 538.85 123.28 532.49 125.49
00606 0.687944 516.22 168.78 520.39 164.17 509.06 153.92 504.88 158.54
00606 0.614867 522.47 150.69 528.51 145.60 516.85 131.76 510.81 136.84
00606 0.542686 82.77 160.64 82.33 154.13 65.89 155.24 66.33 161.75
00606 0.308873 485.12 187.80 490.65 182.64 480.51 171.79 474.99 176.96
00607 1.000000 546.58 211.59 551.62 206.04 536.61 192.39 531.57 197.93
00607 1.000000 538.87 221.67 543.88 215.82 529.96 203.93 524.96 209.79
00607 0.969287 511.75 227.88 516.91 222.03 502.35 209.20 497.19 215.05
00607 0.927441 548.41 190.37 556.42 187.37 548.86 167.20 540.86 170.20
00607 0.919554 539.49 193.80 546.42 191.89 541.23 173.12 534.30 175.03
00607 0.904976 517.54 220.62 522.19 215.83 510.36 204.37 505.71 209.16
00607 0.903967 504.78 236.08 509.40 230.33 495.36 219.05 490.74 224.80
00607 0.649222 107.13 302.93 115.06 302.77 114.70 284.73 106.76 284.90
00607 0.451273 521.41 200.86 528.51 196.13 518.57 181.23 511.47 185.96
00607 0.395140 521.94 216.86 527.04 211.66 515.53 200.37 510.43 205.57
00608 1.000000 513.42 244.08 518.77 238.57 505.85 226.01 500.49 231.52
00608 1.000000 506.18 252.93 511.70 247.71 498.85 234.13 493.33 239.35
00608 0.994363 540.66 237.49 545.66 231.78 531.92 219.76 526.93 225.47
00608 0.976137 549.32 228.31 554.49 222.90 540.10 209.14 534.93 214.55
00608 0.919190 519.69 237.57 524.30 232.77 511.19 220.17 506.58 224.97
00608 0.889461 551.26 207.09 558.59 204.25 550.91 184.44 543.58 187.29
00608 0.887513 543.82 208.64 550.85 205.61 543.80 189.22 536.77 192.25
00608 0.645649 524.73 233.28 529.38 229.09 519.93 218.62 515.29 222.81
00608 0.507744 524.71 217.73 531.09 213.32 521.33 199.20 514.96 203.61
00608 0.460801 488.66 256.36 494.53 250.59 482.55 238.41 476.68 244.19
00608 0.446144 358.99 498.68 366.53 498.09 365.35 482.89 357.81 483.47
00608 0.390458 108.48 317.19 115.81 317.54 116.59 301.14 109.26 300.80
00608 0.351377 521.74 231.06 527.64 227.03 515.97 209.94 510.07 213.97
00610 1.000000 546.36 342.27 550.74 336.34 534.90 324.62 530.51 330.56
00610 1.000000 551.80 333.99 557.38 328.55 542.19 312.95 536.61 318.39
00610 0.958752 523.64 342.34 529.13 337.10 516.60 323.98 511.11 329.22
00610 0.928260 508.03 357.93 513.99 352.48 500.81 338.07 494.85 343.53
00610 0.912068 515.16 349.18 521.07 343.57 508.40 330.23 502.49 335.84
00610 0.792266 545.57 314.60 552.51 312.20 546.49 294.77 539.55 297.17
00610 0.700718 554.30 311.28 561.11 308.75 554.67 291.39 547.87 293.91
00610 0.318275 344.22 417.60 356.62 417.09 355.59 391.87 343.19 392.38
00610 0.319477 527.10 322.43 533.29 317.43 523.64 305.49 517.46 310.49
00611 1.000000 543.20 413.86 547.78 408.09 533.33 396.63 528.76 402.40
00611 1.000000 514.54 420.93 520.07 414.32 505.42 402.08 499.90 408.69
00611 0.979022 506.42 429.59 511.36 424.27 498.17 412.04 493.23 417.37
00611 0.960143 520.62 413.51 526.13 407.51 511.86 394.40 506.35 400.40
00611 0.910128 549.59 405.71 555.12 400.26 540.44 385.39 534.91 390.85
00611 0.761131 552.27 381.72 557.70 379.07 551.19 365.76 545.76 368.42
00611 0.614133 488.84 432.46 494.08 427.37 483.70 416.66 478.45 421.75
00611 0.587876 544.63 388.62 551.73 383.57 542.77 371.00 535.67 376.05
00611 0.400057 524.25 396.10 531.61 391.31 522.49 377.32 515.13 382.11
00611 0.306598 110.33 492.04 118.03 492.06 118.09 475.65 110.39 475.62
00612 1.000000 542.45 451.08 547.93 444.58 532.10 431.23 526.61 437.73
00612 0.995480 549.33 441.68 554.60 435.67 539.01 422.02 533.74 428.04
00612 0.967370 504.69 465.51 510.27 459.50 496.90 447.09 491.33 453.10
00612 0.925260 518.64 450.82 524.04 445.70 511.61 432.58 506.21 437.71
00612 0.891953 344.57 384.80 354.07 385.61 355.51 368.88 346.00 368.06
00612 0.871184 512.72 456.23 518.21 450.39 505.32 438.28 499.83 444.11
00612 0.493801 524.75 446.55 529.10 442.54 518.83 431.43 514.49 435.44
00612 0.582392 347.77 383.40 358.97 383.94 359.78 367.16 348.58 366.62
00612 0.568384 352.00 386.95 362.95 377.51 351.12 363.78 340.17 373.22
00612 0.374103 543.18 423.20 550.60 421.18 546.28 405.32 538.86 407.34
00612 0.257095 360.94 378.32 362.02 366.87 344.27 365.19 343.18 376.64
00612 0.302606 524.30 430.14 530.29 427.30 524.58 415.24 518.59 418.08
00612 0.312012 548.87 418.77 554.82 417.18 550.95 402.72 544.99 404.31
00613 0.912505 340.48 346.87 351.24 346.29 350.28 328.68 339.52 329.26
00614 0.370570 340.58 378.86 347.03 377.76 344.80 364.72 338.35 365.82
00615 0.990254 323.43 410.17 334.01 410.80 334.96 394.67 324.38 394.04
00616 0.948425 334.95 368.67 343.18 370.30 346.52 353.38 338.30 351.76
00616 0.352368 473.57 502.80 479.71 498.58 471.91 487.24 465.77 491.46
00617 0.808043 356.33 306.14 364.63 307.08 366.24 292.98 357.93 292.03
00618 1.000000 374.53 241.80 383.46 244.08 387.87 226.85 378.95 224.56
00619 0.851812 398.54 177.32 405.91 179.73 410.18 166.68 402.81 164.27
00620 0.965152 443.56 36.77 452.33 35.39 449.82 19.45 441.05 20.83
00621 0.796543 338.52 88.70 345.53 86.41 340.77 71.88 333.76 74.18
00622 0.993638 102.49 182.14 98.88 173.79 84.82 179.87 88.42 188.22
00631 1.000000 457.87 168.65 465.25 167.23 461.96 150.13 454.57 151.55
00634 0.910168 609.73 153.78 605.47 147.20 590.57 156.84 594.83 163.42
00634 0.909980 613.84 166.15 620.70 171.83 634.50 155.15 627.64 149.47
00634 0.748634 627.96 168.79 633.33 172.40 642.27 159.11 636.90 155.50
00634 0.670017 460.33 35.71 468.16 33.25 462.35 14.72 454.51 17.18
00634 0.622348 618.19 158.46 614.06 151.68 601.54 159.30 605.67 166.08
00634 0.567695 635.58 38.98 634.63 31.64 616.98 33.93 617.94 41.28
00634 0.289891 627.72 192.88 635.96 193.18 636.59 175.76 628.35 175.46
00634 0.331269 635.59 188.89 642.49 184.42 632.92 169.64 626.03 174.10
00635 1.000000 492.46 210.02 488.48 204.43 474.33 214.48 478.31 220.08
00635 1.000000 500.78 223.34 496.46 217.65 483.16 227.74 487.48 233.43
00635 0.995818 509.96 228.79 505.51 224.22 492.37 237.00 496.82 241.58
00635 0.966690 511.28 72.82 511.15 65.45 489.54 65.83 489.67 73.19
00635 0.961655 465.08 185.24 464.70 177.23 445.55 178.13 445.92 186.14
00635 0.946833 497.45 215.44 493.67 210.14 479.26 220.46 483.05 225.75
00635 0.922670 477.59 201.35 483.33 206.17 495.25 191.97 489.52 187.16
00635 0.921942 468.08 191.33 466.79 184.51 448.44 187.97 449.72 194.80
00635 0.794689 476.39 209.05 472.12 202.35 455.88 212.68 460.14 219.38
00635 0.789935 467.44 195.39 472.64 199.90 487.29 183.03 482.10 178.51
00635 0.440784 513.16 247.14 507.70 240.54 494.53 251.44 499.99 258.04
00636 1.000000 448.43 77.25 448.43 69.96 429.11 69.95 429.10 77.24
00636 0.982355 448.96 232.76 444.53 228.19 430.40 241.88 434.83 246.45
00636 0.959480 440.47 225.87 436.35 221.49 422.31 234.70 426.42 239.08
00636 0.959174 407.24 196.34 404.91 188.58 385.57 194.38 387.90 202.14
00636 0.940832 416.12 206.50 421.23 210.99 434.26 196.15 429.15 191.66
00636 0.939461 403.06 188.50 401.60 180.60 381.30 184.36 382.77 192.26
00636 0.902499 434.47 220.85 430.65 215.76 416.35 226.50 420.17 231.59
00636 0.855713 414.55 213.52 409.96 207.37 392.87 220.11 397.45 226.26
00636 0.833401 429.17 216.24 424.95 211.22 410.20 223.63 414.43 228.65
00636 0.751748 404.37 201.15 410.30 206.02 424.35 188.91 418.42 184.05
00636 0.524816 452.09 250.74 446.98 245.00 433.11 257.33 438.22 263.08
00637 1.000000 402.24 272.93 407.80 277.53 420.08 262.68 414.51 258.08
00637 0.968714 391.56 262.28 389.53 255.57 373.78 260.35 375.81 267.05
00637 0.964541 435.14 299.90 430.61 295.21 417.63 307.72 422.16 312.42
00637 0.958373 433.24 143.35 433.44 136.52 417.14 136.02 416.93 142.86
00637 0.930216 425.18 294.03 420.69 288.24 407.73 298.29 412.22 304.08
00637 0.914532 398.88 280.69 395.19 274.82 380.46 284.10 384.16 289.96
00637 0.913590 387.66 256.09 385.98 248.47 367.18 252.60 368.86 260.23
00637 0.902875 405.91 270.25 411.47 267.65 402.64 248.79 397.08 251.39
00637 0.898066 419.42 287.97 415.65 282.58 401.79 292.28 405.55 297.67
00637 0.866028 410.29 261.08 405.86 255.04 389.48 267.05 393.91 273.09
00637 0.743345 416.70 284.30 412.62 278.27 397.72 288.34 401.80 294.37
00637 0.261474 416.87 329.64 423.10 332.52 430.29 317.00 424.05 314.11
00639 1.000000 442.77 101.00 452.74 98.90 448.21 77.37 438.24 79.47
00640 1.000000 459.88 237.53 468.45 236.37 465.78 216.55 457.21 217.70
00640 1.000000 413.05 73.38 422.01 71.43 417.62 51.17 408.66 53.11
00640 0.262084 281.20 77.26 292.64 78.53 295.70 50.81 284.27 49.54
00641 0.980734 449.72 340.94 457.87 339.96 455.46 320.08 447.31 321.06
00641 0.889538 467.26 512.96 477.10 512.27 475.66 491.81 465.82 492.50
00648 0.272540 105.85 184.12 105.60 173.63 86.49 174.08 86.73 184.57
00659 0.290746 108.78 148.79 101.54 139.53 85.40 152.14 92.64 161.40
00664 0.271327 465.49 33.74 473.33 35.76 475.78 26.23 467.94 24.21
00666 0.512734 163.47 32.72 172.20 34.75 175.50 20.52 166.77 18.49
00670 0.402364 76.35 237.42 85.12 240.34 88.82 229.26 80.05 226.33
00670 0.368024 176.79 98.25 189.94 100.88 195.19 74.59 182.04 71.97
00671 0.564970 177.71 160.00 189.98 162.85 195.06 141.01 182.79 138.16
00672 0.373571 179.91 24.20 191.47 26.20 195.69 1.82 184.13 -0.18
00674 0.563020 196.13 164.92 205.33 168.29 211.87 150.45 202.67 147.08
00734 0.265686 216.83 5.13 216.98 -0.26 207.96 -0.50 207.82 4.88
00735 0.460234 123.83 76.98 131.95 77.50 132.89 62.69 124.77 62.17
00737 0.635690 128.62 155.00 136.61 154.00 134.81 139.60 126.82 140.59
00738 0.671416 129.11 261.48 137.38 263.18 140.76 246.78 132.48 245.08
00739 0.508203 134.56 377.57 143.83 376.84 142.47 359.42 133.20 360.15
00743 0.306417 368.65 443.86 377.00 444.57 378.38 428.32 370.02 427.62
00744 0.446068 399.66 496.50 408.44 500.02 414.12 485.85 405.33 482.33
00751 0.655975 178.88 57.82 186.24 58.88 188.16 45.55 180.79 44.49
00752 0.714230 315.14 268.63 323.86 270.95 328.56 253.32 319.85 250.99
00761 0.627609 382.47 311.44 386.31 307.20 378.56 300.17 374.71 304.41
00768 0.404920 179.96 354.67 178.57 348.54 169.53 350.59 170.92 356.72
00768 0.468849 74.91 395.96 76.93 389.68 65.86 386.10 63.83 392.38
00772 0.706592 92.17 503.29 90.33 497.53 78.93 501.18 80.77 506.93
00783 0.580726 382.50 502.68 380.62 496.98 369.64 500.60 371.53 506.31
00795 0.447680 206.63 144.21 214.76 146.95 219.83 131.89 211.71 129.15
00796 0.254021 477.88 489.11 475.63 482.76 463.33 487.11 465.58 493.47
00802 0.252393 445.21 191.52 446.27 185.18 436.13 183.49 435.07 189.83
00803 0.304573 19.54 58.68 13.41 47.27 -5.65 57.49 0.48 68.90
00819 0.735397 546.98 342.78 554.67 342.62 554.33 325.70 546.64 325.86
00820 0.348661 554.16 358.23 563.09 358.16 562.95 337.00 554.01 337.06
00821 0.380999 555.72 427.69 563.54 428.34 564.72 414.18 556.89 413.53
00822 0.358438 433.43 98.61 442.82 99.63 444.61 83.11 435.23 82.10
00822 0.305517 401.49 306.56 408.76 307.37 410.12 295.13 402.86 294.32
00822 0.271515 560.99 506.91 568.59 506.80 568.40 493.42 560.79 493.53
00823 0.432208 432.74 289.47 440.74 290.15 441.83 277.30 433.84 276.62
00824 0.503921 481.22 292.22 488.98 292.84 490.18 277.69 482.42 277.07
00824 0.299500 505.37 91.76 514.28 92.62 515.76 77.08 506.86 76.23
00826 0.366884 462.90 398.18 470.74 398.49 471.32 383.97 463.48 383.65
00828 0.312758 0.80 194.60 16.66 200.73 27.91 171.61 12.05 165.49
00832 0.398387 505.11 137.04 514.29 136.73 513.75 120.43 504.57 120.73
00835 0.277378 497.86 147.38 505.21 147.31 505.09 134.86 497.74 134.93
00835 0.250130 500.42 365.03 508.74 364.82 508.37 350.11 500.05 350.32
00836 0.266816 497.99 271.44 505.36 271.73 505.84 259.41 498.47 259.12
00840 0.340679 395.00 8.61 395.27 2.04 381.67 1.49 381.41 8.05
00850 0.643750 473.57 136.55 480.34 130.92 470.04 118.54 463.27 124.17
00857 0.450097 145.46 169.54 151.34 159.26 130.92 147.58 125.04 157.86
00858 0.306847 463.83 164.76 465.90 156.87 450.91 152.95 448.84 160.85
00859 0.630503 321.77 444.67 323.86 437.11 308.84 432.96 306.75 440.52
00859 0.252323 463.91 197.93 465.55 191.14 449.68 187.29 448.04 194.07
00860 0.563419 470.36 474.78 470.49 465.01 451.24 464.76 451.11 474.53
00860 0.389178 460.62 195.98 460.85 187.18 444.30 186.74 444.06 195.54
00861 0.797936 495.29 213.85 503.56 212.03 500.14 196.50 491.87 198.32
00863 0.562377 107.16 185.26 115.50 187.13 118.51 173.68 110.17 171.81
00864 0.829114 498.71 268.30 506.09 267.38 504.20 252.21 496.82 253.13
00866 0.672573 514.34 293.41 521.37 296.06 526.61 282.15 519.58 279.50
00867 0.856061 523.89 313.12 531.41 314.48 533.98 300.28 526.46 298.92
00901 0.390323 617.50 231.83 621.93 231.38 621.23 224.44 616.80 224.89
00907 0.697190 81.23 363.60 86.77 366.24 92.17 354.91 86.63 352.27
00908 0.294012 403.49 25.57 409.03 23.63 405.22 12.71 399.68 14.64
00909 0.300184 513.73 455.01 520.15 453.61 517.08 439.57 510.66 440.97
00916 0.448204 404.11 265.79 409.87 264.63 407.40 252.34 401.64 253.49
00921 0.636473 339.45 484.21 344.57 483.50 343.15 473.33 338.03 474.04
00927 0.264676 464.76 234.38 464.93 227.32 448.91 226.94 448.74 234.00
00940 0.289068 510.56 155.71 509.15 151.01 501.78 153.21 503.19 157.92
00944 0.289500 456.71 459.08 459.49 454.17 451.10 449.43 448.33 454.34
00948 0.429707 312.96 61.20 318.97 61.33 319.21 50.11 313.20 49.98
00971 0.346036 80.14 273.30 87.28 273.62 88.13 254.71 81.00 254.38
00974 0.421051 218.42 300.90 224.10 301.61 225.19 292.94 219.51 292.23
00976 0.437912 218.79 426.38 224.16 426.77 224.82 417.70 219.45 417.31
01000 0.523658 612.76 371.56 615.54 360.78 596.18 355.81 593.41 366.59
01000 0.306757 141.17 67.41 147.36 72.05 154.64 62.33 148.46 57.69
01001 0.338330 81.17 273.41 76.02 267.13 63.89 277.06 69.03 283.34
01002 0.941043 350.00 213.70 352.11 204.03 334.79 200.24 332.67 209.90
01002 0.724399 258.33 114.92 252.43 101.62 227.42 112.70 233.32 126.00
01002 0.464713 28.72 482.65 22.73 475.49 7.10 488.58 13.09 495.74
01003 0.953465 248.02 391.71 244.07 383.04 228.20 390.27 232.14 398.94
01003 0.364711 556.96 89.26 566.50 91.48 569.80 77.31 560.26 75.09
01004 0.296266 210.13 149.86 217.00 150.46 218.17 137.06 211.30 136.46
01005 1.000000 511.27 151.22 518.67 151.25 518.76 132.54 511.37 132.50
01005 0.769224 123.49 374.78 133.53 376.58 137.06 356.91 127.02 355.11
01005 0.515538 588.68 270.54 595.91 270.64 596.13 255.29 588.90 255.19
01006 0.581495 585.17 452.78 593.08 453.93 595.50 437.17 587.59 436.02
01007 0.491381 318.10 72.36 312.87 64.50 297.62 74.63 302.85 82.49
01007 0.393907 241.21 124.88 236.62 116.58 220.05 125.74 224.63 134.04
01008 0.428761 408.26 464.47 409.32 456.06 393.24 454.05 392.19 462.47
01009 0.603498 304.58 136.91 310.86 137.41 311.86 124.95 305.57 124.44
01010 0.326330 632.92 510.81 640.42 510.60 639.93 492.98 632.43 493.19
01011 0.736764 97.28 63.54 104.59 62.98 103.47 48.35 96.16 48.91
01011 0.680169 107.35 105.90 114.57 105.78 114.31 89.76 107.09 89.88
01011 0.354370 117.10 110.34 127.40 109.91 126.52 88.55 116.21 88.97
01011 0.340550 126.69 72.75 134.08 73.52 135.77 57.22 128.38 56.45
01012 0.775287 88.03 221.76 95.14 221.43 94.33 204.39 87.22 204.73
01012 0.685733 77.11 173.65 84.80 173.07 83.61 157.26 75.92 157.84
01012 0.600347 96.73 219.17 105.33 218.84 104.68 201.90 96.08 202.23
01012 0.293826 264.64 264.23 271.72 263.74 270.73 249.28 263.65 249.77
01013 0.932639 73.06 361.50 81.15 361.66 81.53 342.99 73.44 342.83
01013 0.504581 61.15 305.63 68.53 305.13 67.54 290.57 60.16 291.07
01013 0.491428 114.75 183.62 121.59 183.98 122.45 167.60 115.62 167.24
01013 0.319208 258.72 358.99 266.02 358.82 265.65 343.36 258.35 343.54
01013 0.416946 82.99 360.91 92.32 361.00 92.51 342.14 83.18 342.04
01013 0.330556 96.26 315.37 103.63 315.99 105.01 299.50 97.63 298.89
01014 0.931883 63.42 440.18 71.09 439.87 70.35 421.37 62.69 421.67
01014 0.802896 73.72 438.17 82.53 437.84 81.81 418.25 72.99 418.58
01014 0.645193 98.92 106.89 108.41 106.85 108.33 87.94 98.84 87.98
01014 0.590075 49.80 382.10 57.20 382.30 57.64 366.02 50.24 365.82
01014 0.514001 107.49 249.12 114.37 248.97 114.00 231.57 107.12 231.71
01014 0.387813 85.98 391.63 93.86 392.53 96.04 373.50 88.16 372.60
01014 0.328773 77.72 446.03 86.78 446.11 86.98 424.26 77.92 424.18
01014 0.260290 258.02 438.21 265.03 437.45 263.58 424.12 256.58 424.88
01015 0.678522 100.97 319.56 108.07 319.40 107.67 302.05 100.57 302.21
01015 0.576790 39.57 462.54 48.46 462.37 48.03 441.22 39.15 441.40
01015 0.443147 93.90 167.09 103.00 167.23 103.34 145.16 94.23 145.02
01016 0.637724 88.22 458.41 96.43 458.22 95.96 437.99 87.74 438.18
01016 0.282067 81.37 283.68 91.77 283.75 91.92 261.48 81.52 261.41
01017 0.673363 68.49 407.75 80.04 407.65 79.82 381.29 68.27 381.38
01029 0.257290 80.64 131.98 87.63 134.74 92.07 123.49 85.08 120.73
01038 0.625624 527.74 91.17 525.24 77.29 507.52 80.48 510.02 94.36
01040 1.000000 577.64 146.06 577.07 132.91 560.14 133.64 560.71 146.78
01041 0.337211 592.48 130.81 591.98 119.34 577.89 119.95 578.39 131.43
01051 0.463557 422.45 35.21 429.45 34.23 427.67 21.64 420.68 22.63
01052 0.921805 445.08 68.67 451.13 60.05 436.38 49.70 430.33 58.31
01052 0.730803 610.04 72.82 619.33 70.05 615.33 56.61 606.04 59.38
01052 0.318973 172.97 33.44 173.51 17.74 149.23 16.90 148.69 32.60
01053 0.969367 523.73 68.60 527.71 58.21 511.88 52.14 507.90 62.53
01055 0.732795 91.33 446.84 90.01 435.07 71.74 437.11 73.07 448.89
01055 0.489070 327.00 393.84 326.55 385.38 308.45 386.34 308.90 394.80
01056 0.941805 55.17 467.31 53.72 455.65 35.79 457.87 37.23 469.53
01056 0.299518 188.81 444.42 187.72 431.90 168.87 433.54 169.96 446.06
01057 0.820852 183.31 465.98 181.57 455.80 163.97 458.81 165.71 468.99
01058 0.328322 437.78 448.70 437.36 438.55 418.84 439.31 419.25 449.46
01059 0.320736 37.62 143.74 36.95 134.99 18.31 136.42 18.98 145.17
01059 0.305790 118.67 135.74 118.20 128.41 101.60 129.47 102.07 136.79
01060 0.623669 244.23 128.46 244.67 120.95 227.36 119.94 226.92 127.44
01060 0.533470 57.53 482.08 56.81 470.22 39.36 471.27 40.07 483.13
01063 0.252253 630.73 158.62 632.70 149.68 614.41 145.63 612.43 154.57
01065 0.910208 366.81 17.68 373.08 9.48 360.34 -0.26 354.07 7.95
01067 1.000000 519.30 52.92 527.62 52.93 527.64 35.83 519.32 35.82
01068 0.288146 97.30 406.68 110.77 407.28 111.99 379.57 98.52 378.98
01074 0.363363 504.35 5.85 504.29 -0.55 493.59 -0.46 493.64 5.94
01075 1.000000 294.61 153.06 302.82 153.15 302.99 137.08 294.78 136.99
01076 1.000000 219.22 378.67 228.16 375.53 222.43 359.22 213.49 362.36
01076 0.933826 559.40 377.25 568.68 371.44 558.88 355.81 549.61 361.62
01077 0.956406 302.14 292.38 310.94 285.28 298.63 270.04 289.84 277.14
01078 0.868092 184.60 292.30 192.56 285.80 181.76 272.57 173.80 279.08
01079 0.871699 212.95 256.32 221.24 255.19 219.01 238.77 210.72 239.90
01080 0.840865 445.47 243.85 454.59 244.31 455.47 226.56 446.35 226.10
01080 0.481882 573.96 183.89 572.69 175.36 554.61 178.06 555.88 186.59
01081 0.870247 124.16 227.40 122.18 214.78 100.28 218.22 102.26 230.84
01082 0.338299 236.67 326.17 233.02 311.10 209.75 316.74 213.41 331.81
01084 0.314087 367.46 474.94 367.26 459.90 344.06 460.22 344.27 475.26
01097 0.590845 0.08 466.32 4.29 466.42 4.61 453.36 0.40 453.25
01099 0.922731 26.31 314.91 33.97 312.93 29.28 294.81 21.62 296.79
01100 0.711655 167.60 504.38 176.40 504.50 176.69 483.09 167.89 482.97
01102 0.425403 623.98 255.01 632.55 259.10 638.26 247.11 629.69 243.02
01108 0.483500 275.10 12.57 283.55 6.77 276.07 -4.13 267.62 1.67
01109 0.605825 251.11 153.78 261.47 144.81 243.70 124.30 233.34 133.27
01112 0.531211 232.70 479.00 240.33 479.14 240.69 459.78 233.06 459.63
01112 0.349195 272.97 303.27 265.77 290.33 241.59 303.78 248.78 316.72
01113 0.340527 457.50 451.04 456.34 435.67 424.87 438.06 426.04 453.42
01114 1.000000 15.92 371.84 25.02 371.27 23.76 351.02 14.66 351.59
01119 0.518386 616.95 99.89 624.26 102.35 628.53 89.71 621.21 87.24
01120 0.661139 488.86 196.73 494.79 197.86 496.77 187.49 490.84 186.36
01121 0.619860 558.41 119.06 560.18 109.74 544.89 106.82 543.11 116.14
01122 0.795345 370.57 79.73 369.08 69.48 354.02 71.67 355.51 81.92
01122 0.438083 361.87 72.54 358.66 62.00 334.61 69.33 337.83 79.87
