00020 0.610782 271.42 206.60 292.12 213.88 328.92 109.28 308.21 101.99
00024 0.383706 205.15 343.19 206.05 315.88 84.34 311.87 83.44 339.17
00025 0.263708 355.21 415.11 374.81 422.14 403.07 343.31 383.48 336.28
00030 0.745395 324.51 265.89 345.21 265.01 341.60 179.90 320.91 180.77
00037 0.731397 588.40 45.62 605.91 42.29 597.48 -2.02 579.97 1.31
00047 0.454327 294.61 167.53 310.61 168.80 316.66 92.58 300.66 91.32
00061 0.895031 292.81 507.61 312.46 526.37 393.38 441.61 373.73 422.85
00062 0.750194 497.12 276.14 519.06 291.74 587.40 195.67 565.47 180.07
00068 0.279130 412.10 184.02 434.40 192.83 489.23 53.92 466.93 45.12
00073 0.323499 336.61 86.88 355.61 93.77 377.52 33.41 358.52 26.52
00080 0.944881 296.84 489.50 324.98 500.75 380.74 361.28 352.60 350.03
00081 0.942670 367.16 298.02 392.63 308.05 447.06 169.87 421.59 159.83
00082 0.858182 289.71 428.29 314.51 438.56 362.31 323.19 337.51 312.92
00083 0.482815 398.15 127.66 425.23 138.98 476.44 16.46 449.36 5.14
00087 0.842306 316.30 495.91 340.62 506.42 403.78 360.35 379.47 349.84
00088 0.775925 403.16 208.45 426.82 218.73 485.98 82.59 462.32 72.30
00099 0.376930 205.05 427.83 229.27 436.56 264.88 337.80 240.65 329.07
00100 0.832655 335.40 102.66 354.11 109.58 382.49 32.85 363.77 25.93
00118 0.256417 425.10 398.50 445.93 397.80 442.45 293.87 421.63 294.57
00142 0.431593 448.19 358.80 466.84 370.75 519.05 289.26 500.39 277.31
00164 0.395030 344.08 457.15 360.66 435.32 266.66 363.90 250.08 385.73
00195 1.000000 163.59 238.70 153.60 211.67 21.14 260.62 31.13 287.65
00195 0.871505 438.43 278.68 425.70 252.57 278.58 324.26 291.30 350.37
00195 0.518795 122.58 224.51 112.52 200.65 59.76 222.89 69.82 246.75
00199 0.505272 439.32 248.77 433.72 224.59 330.42 248.52 336.02 272.70
00200 0.883608 458.29 276.21 450.57 248.48 348.61 276.84 356.33 304.58
00201 0.326329 569.28 77.13 555.98 55.75 478.73 103.81 492.03 125.19
00202 0.960444 400.15 512.46 418.21 485.16 331.31 427.65 313.24 454.95
00205 0.513485 49.29 340.99 70.28 355.55 110.99 296.91 90.00 282.34
00212 0.571206 415.58 500.74 439.33 485.20 370.26 379.68 346.51 395.23
00212 0.634003 88.70 156.82 106.71 147.41 73.92 84.61 55.90 94.02
00213 0.530267 207.41 358.94 228.73 346.98 177.47 255.61 156.15 267.57
00216 0.737855 581.61 228.23 579.83 191.58 431.06 198.81 432.84 235.46
00225 0.453926 236.82 144.11 226.77 124.41 155.77 160.65 165.83 180.35
00227 0.844046 626.87 157.01 638.82 140.11 588.80 104.76 576.85 121.66
00229 0.343454 513.27 224.06 515.82 199.04 453.51 192.69 450.96 217.71
00236 0.251797 165.54 298.12 149.87 277.03 76.65 331.48 92.33 352.56
00237 0.493499 127.55 407.70 108.93 384.55 27.46 450.08 46.08 473.22
00248 0.333847 308.09 271.46 321.03 265.21 298.92 219.39 285.97 225.63
00256 0.470406 398.45 194.78 408.48 174.13 327.57 134.85 317.54 155.50
00257 0.537583 145.73 90.55 164.80 72.32 121.02 26.52 101.95 44.75
00258 0.734690 400.06 196.63 409.55 177.21 327.97 137.34 318.48 156.76
00259 0.759466 388.67 356.71 399.03 335.42 318.97 296.47 308.61 317.77
00260 0.511524 285.50 250.22 272.40 231.67 198.79 283.65 211.90 302.21
00283 0.560271 609.43 483.86 626.81 466.01 581.44 421.83 564.06 439.68
00303 0.251629 575.04 197.97 574.28 169.14 476.66 171.71 477.42 200.54
00397 0.918215 446.37 291.53 469.96 294.38 478.85 220.84 455.25 217.99
00398 0.717442 275.51 518.33 302.89 508.97 288.37 466.47 260.99 475.83
00399 0.767917 154.25 505.95 189.21 516.83 219.79 418.57 184.84 407.69
00400 0.615935 251.76 206.30 274.07 212.81 291.76 152.10 269.45 145.60
00400 0.532589 318.25 17.12 336.50 19.18 338.56 1.00 320.31 -1.07
00400 0.498180 148.64 517.00 186.00 521.07 191.45 471.08 154.08 467.01
00401 0.840262 317.30 43.84 335.77 44.17 336.55 0.17 318.09 -0.16
00401 0.588118 244.49 255.53 265.45 263.26 284.44 211.78 263.48 204.04
00402 0.646387 315.09 89.57 333.48 89.84 334.42 26.12 316.03 25.85
00402 0.824178 233.52 323.75 257.17 333.40 281.19 274.52 257.54 264.87
00402 0.491383 312.95 512.03 339.16 515.94 345.26 475.07 319.06 471.15
00403 0.871512 312.26 138.28 330.39 138.62 331.58 75.83 313.45 75.49
00403 0.875005 224.58 414.03 248.78 422.59 274.69 349.26 250.49 340.70
00404 0.683119 208.51 508.58 244.27 521.04 271.33 443.42 235.57 430.96
00404 0.489932 309.03 200.93 328.31 201.58 330.90 125.49 311.62 124.83
00404 0.260261 398.68 90.04 420.22 83.90 397.57 4.46 376.04 10.60
00405 0.891493 301.28 365.52 323.58 365.96 325.53 266.56 303.23 266.12
00406 0.415288 295.58 470.96 321.83 471.53 324.33 355.71 298.07 355.15
00411 0.345479 490.56 429.49 521.20 421.70 495.96 322.37 465.32 330.15
00412 0.642093 543.04 460.88 574.46 452.25 546.97 352.08 515.55 360.70
00413 0.425899 608.92 517.41 642.24 505.71 598.53 381.25 565.21 392.96
00422 0.355252 230.36 38.93 246.27 24.13 209.29 -15.64 193.38 -0.85
00423 0.984987 221.33 85.66 236.26 73.54 197.52 25.80 182.59 37.91
00423 0.692558 181.71 40.34 196.16 28.50 159.72 -15.95 145.28 -4.11
00424 0.978982 236.64 138.66 253.40 124.90 208.01 69.64 191.26 83.40
00424 0.976638 187.71 86.62 204.66 73.57 159.48 14.94 142.54 28.00
00424 0.382298 161.32 53.27 178.71 42.60 161.41 14.40 144.02 25.07
00425 1.000000 278.88 205.08 296.47 191.12 234.20 112.73 216.61 126.70
00425 0.988237 330.73 263.68 348.82 248.55 292.78 181.53 274.69 196.66
00426 0.972845 335.67 311.23 355.77 295.07 278.14 198.49 258.04 214.65
00426 0.957307 390.23 375.98 409.63 360.04 346.25 282.93 326.86 298.87
00426 0.712279 84.81 24.41 97.73 9.99 70.80 -14.15 57.88 0.27
00426 0.266081 277.01 228.93 288.37 211.45 233.12 175.51 221.75 192.99
00427 1.000000 382.07 418.67 405.74 401.43 318.98 282.29 295.30 299.53
00427 0.998105 94.54 72.56 110.24 60.62 74.19 13.23 58.49 25.18
00427 0.990857 449.12 493.92 471.17 476.04 394.86 381.91 372.80 399.79
00427 0.270669 369.79 285.96 394.00 265.66 334.01 194.09 309.79 214.38
00428 1.000000 197.44 152.32 216.21 138.91 174.35 80.30 155.58 93.70
00428 0.990129 471.90 527.85 500.48 510.41 450.61 428.67 422.03 446.11
00428 0.308946 505.48 428.67 531.41 410.21 471.75 326.38 445.82 344.83
00429 1.000000 225.55 208.03 244.59 194.89 200.97 131.70 181.93 144.84
00430 1.000000 308.04 362.27 328.55 347.43 266.20 261.27 245.70 276.10
00432 0.999647 332.45 421.98 355.26 406.16 293.42 316.99 270.61 332.81
00433 1.000000 371.91 475.82 394.25 459.84 326.50 365.12 304.16 381.10
00434 0.961310 487.30 530.20 510.41 511.79 450.24 436.26 427.13 454.68
00442 0.314115 613.42 95.06 609.20 77.11 567.70 86.86 571.91 104.81
00447 0.780960 90.84 237.77 109.33 226.27 62.25 150.55 43.76 162.05
00447 0.753281 153.03 333.70 175.71 318.87 117.44 229.71 94.76 244.53
00447 0.305858 33.62 147.63 49.01 137.26 12.65 83.34 -2.73 93.71
00448 0.352826 71.41 208.68 90.50 195.11 36.77 119.49 17.67 133.06
00448 0.367207 219.26 399.79 240.03 384.09 167.57 288.27 146.80 303.98
00448 0.303406 138.21 295.59 158.21 280.57 96.90 198.91 76.90 213.93
00449 0.801899 300.57 475.96 322.56 456.47 231.47 353.68 209.48 373.18
00450 0.646180 370.34 530.52 391.50 509.25 310.18 428.36 289.02 449.64
00454 0.463966 311.24 239.20 322.12 222.58 272.50 190.12 261.63 206.73
00461 0.494311 286.58 90.97 278.21 64.26 233.02 78.42 241.39 105.13
00463 0.975822 393.37 117.49 412.87 116.20 407.26 31.02 387.76 32.30
00463 0.839812 395.54 445.21 423.51 445.53 424.53 355.49 396.56 355.17
00463 0.821109 378.59 31.29 397.85 25.34 388.13 -6.12 368.87 -0.17
00469 0.699233 514.67 326.55 512.53 301.86 436.57 308.45 438.71 333.14
00471 0.299998 625.83 141.14 654.54 125.59 621.13 63.93 592.42 79.48
00472 0.521759 589.43 28.79 585.33 -3.02 472.29 11.57 476.39 43.37
00472 0.286301 608.93 57.69 604.70 24.88 482.94 40.57 487.17 73.38
00473 0.639885 626.16 69.73 623.98 51.24 582.03 56.19 584.21 74.68
00473 0.574677 640.72 96.76 634.44 61.10 514.78 82.20 521.07 117.86
00473 0.467353 645.17 138.67 641.38 102.82 530.25 114.55 534.04 150.41
00474 1.000000 375.24 212.53 400.01 210.30 391.06 110.96 366.29 113.19
00474 1.000000 355.49 107.49 378.12 102.58 360.01 19.19 337.39 24.10
00475 0.368269 647.53 170.86 641.19 135.00 550.89 150.97 557.23 186.83
00475 0.258750 643.97 213.44 637.02 177.53 569.38 190.62 576.33 226.53
00476 0.578800 645.99 215.91 637.42 181.53 575.67 196.92 584.25 231.30
00477 0.313261 631.45 347.45 653.85 325.70 631.71 302.89 609.31 324.64
00484 0.491416 303.85 207.12 329.02 201.59 307.07 101.64 281.90 107.17
00485 0.985403 359.48 154.14 382.03 149.36 362.94 59.47 340.39 64.26
00485 0.966438 380.41 276.26 406.87 273.93 396.97 161.58 370.52 163.91
00486 0.479383 322.59 310.38 349.34 304.43 323.51 188.28 296.77 194.23
00487 0.348052 329.59 464.14 358.14 458.56 330.69 317.92 302.13 323.49
00488 0.344587 324.28 515.01 352.80 508.78 332.30 414.84 303.77 421.07
00492 0.281831 471.97 122.96 493.33 122.15 490.92 58.23 469.55 59.04
00493 0.267742 486.75 179.69 510.85 178.72 508.08 109.73 483.99 110.70
00494 0.311377 513.11 280.98 537.33 278.97 530.70 199.30 506.47 201.32
00495 0.438952 516.97 304.45 542.24 302.59 536.24 221.16 510.97 223.02
00496 1.000000 363.85 214.06 387.31 209.29 366.77 108.27 343.31 113.04
00496 1.000000 388.51 349.04 414.77 346.65 403.55 223.49 377.30 225.88
00496 0.914282 384.81 294.47 406.81 292.62 400.86 221.95 378.87 223.80
00496 0.353106 267.41 511.58 289.80 511.22 288.75 444.76 266.37 445.11
00497 0.541024 525.30 351.66 550.08 349.77 543.70 266.05 518.92 267.93
00498 0.711463 538.37 422.17 565.64 420.33 559.08 322.89 531.80 324.73
00507 0.982447 365.56 264.30 389.83 259.68 368.73 149.09 344.47 153.72
00507 0.963208 391.34 411.29 424.72 408.06 411.83 274.87 378.45 278.10
00507 0.436604 390.65 356.30 413.81 353.90 405.91 277.64 382.75 280.04
00509 0.253126 302.59 418.92 322.70 417.86 316.86 307.18 296.74 308.24
00510 0.655441 639.24 252.47 660.88 231.30 603.87 173.04 582.23 194.21
00511 0.825436 635.90 217.73 655.05 197.17 610.90 156.05 591.75 176.61
00511 0.312166 622.87 28.00 629.57 5.13 567.56 -13.05 560.86 9.82
00512 0.656078 544.06 207.12 560.21 185.63 492.74 134.93 476.59 156.42
00513 0.748739 545.61 191.19 561.08 169.15 492.30 120.90 476.84 142.95
00514 0.621542 488.16 161.03 503.43 137.79 434.76 92.70 419.50 115.94
00515 0.689773 487.11 127.82 500.77 105.25 433.65 64.62 419.99 87.19
00516 0.592155 343.90 79.00 353.23 57.90 284.15 27.35 274.81 48.45
00517 0.411101 346.36 42.29 355.09 21.49 288.62 -6.42 279.88 14.38
00518 1.000000 380.82 319.47 406.90 314.36 383.35 194.10 357.28 199.21
00518 0.984874 409.37 489.26 443.68 486.04 429.72 337.05 395.41 340.26
00518 0.513532 409.99 429.75 434.62 426.60 423.47 339.53 398.84 342.68
00529 0.993846 389.79 419.56 421.52 412.98 392.57 273.26 360.84 279.84
00529 0.967558 418.10 513.37 447.28 509.60 438.45 441.32 409.27 445.09
00534 0.250169 414.22 23.81 421.72 1.84 384.76 -10.78 377.26 11.18
00538 0.465434 37.80 108.34 43.37 86.10 1.01 75.47 -4.57 97.72
00540 0.907699 299.53 520.88 331.80 509.17 293.06 402.48 260.79 414.20
00543 1.000000 431.63 38.78 450.21 50.65 482.54 0.07 463.96 -11.80
00544 1.000000 346.69 85.92 372.24 98.06 410.82 16.82 385.27 4.68
00544 0.669509 411.64 15.38 414.36 0.32 394.55 -3.26 391.83 11.80
00545 1.000000 359.92 48.99 377.08 61.48 414.51 10.03 397.35 -2.46
00545 0.971861 322.48 140.84 344.13 150.23 376.19 76.38 354.54 66.99
00545 0.555220 247.87 91.35 246.91 74.80 211.33 76.86 212.29 93.40
00546 1.000000 297.31 204.51 322.78 215.29 360.75 125.54 335.28 114.76
00546 1.000000 339.91 102.61 359.77 115.11 401.98 48.09 382.12 35.58
00547 1.000000 310.23 167.30 330.79 178.26 374.64 96.06 354.08 85.09
00547 1.000000 268.31 281.87 296.22 291.30 330.82 188.94 302.91 179.51
00547 0.475130 185.30 218.08 182.73 195.57 140.79 200.37 143.36 222.88
00548 1.000000 306.72 237.77 329.88 248.71 374.80 153.66 351.65 142.72
00548 1.000000 260.64 369.97 290.18 379.39 327.36 262.91 297.81 253.48
00549 1.000000 252.19 483.44 287.13 492.41 323.55 350.63 288.60 341.66
00549 1.000000 302.63 321.37 327.29 333.07 375.60 231.23 350.95 219.54
00549 0.498096 446.47 61.23 461.22 69.03 482.65 28.51 467.90 20.71
00549 0.341086 156.07 394.60 152.52 363.96 96.57 370.43 100.11 401.07
00550 1.000000 233.67 449.58 264.09 459.32 303.59 335.97 273.17 326.23
00550 0.384738 228.73 511.29 252.57 512.93 254.84 480.18 231.00 478.53
00551 0.431017 342.12 41.49 354.52 40.72 352.02 0.39 339.62 1.16
00552 0.650558 196.70 169.00 213.29 172.27 228.54 94.96 211.95 91.68
00552 0.777967 219.57 165.73 233.79 167.46 241.54 104.00 227.32 102.27
00552 0.541279 334.63 85.93 348.19 86.75 350.79 43.61 337.22 42.79
00553 0.616815 239.04 187.79 254.41 190.36 265.30 125.31 249.93 122.73
00554 0.767702 269.63 305.99 284.71 309.35 300.02 240.63 284.94 237.28
00554 0.598282 400.92 217.83 414.35 219.02 418.27 175.06 404.84 173.86
00554 0.418961 337.59 508.41 355.22 511.29 364.95 451.79 347.33 448.90
00555 0.848124 293.98 365.79 309.84 369.46 327.32 293.97 311.46 290.30
00555 0.561654 433.16 278.40 448.05 280.05 453.38 231.88 438.48 230.23
00555 0.556656 271.00 369.72 287.44 374.24 312.46 283.18 296.02 278.66
00556 0.768816 310.88 431.93 326.78 435.80 346.05 356.58 330.16 352.71
00556 0.435581 288.22 432.20 304.92 436.94 330.55 346.58 313.85 341.85
00556 0.496764 456.38 338.87 471.80 340.91 477.87 295.20 462.44 293.15
00557 0.567315 492.71 414.17 508.92 417.64 518.93 370.82 502.71 367.36
00557 0.648868 337.26 505.86 353.99 511.03 379.30 429.14 362.57 423.97
00557 0.448456 315.35 503.54 332.59 509.43 364.25 416.78 347.01 410.89
00558 0.474842 531.33 502.28 548.30 506.43 560.44 456.83 543.47 452.67
00562 0.621630 347.22 113.63 359.47 112.95 356.21 53.96 343.96 54.63
00568 0.441993 302.85 173.74 314.98 183.03 337.72 153.34 325.59 144.05
00573 0.558973 355.79 212.46 369.02 211.73 365.64 150.68 352.40 151.41
00581 0.946290 366.23 367.62 381.33 366.56 376.68 300.36 361.58 301.42
00581 0.489770 387.98 357.68 401.91 354.89 389.47 292.96 375.55 295.76
00582 0.930815 373.19 509.81 388.83 508.91 384.78 438.40 369.14 439.30
00582 0.794884 397.12 506.66 413.03 503.43 399.04 434.45 383.13 437.68
00582 0.550117 245.38 512.47 263.04 512.61 263.52 450.07 245.87 449.94
00584 0.934530 111.21 39.64 124.65 39.20 123.34 -1.37 109.91 -0.94
00584 0.441129 93.04 49.59 107.69 49.63 107.82 -0.01 93.17 -0.05
00585 0.775007 101.13 140.87 115.75 140.82 115.56 78.86 100.93 78.91
00585 0.662918 199.54 43.39 211.01 42.75 208.87 4.37 197.41 5.00
00585 0.542034 82.84 147.72 98.60 147.80 98.97 71.40 83.21 71.33
00586 0.643671 100.48 197.82 115.26 197.92 115.70 133.84 100.93 133.74
00586 0.484157 81.97 204.68 98.11 204.52 97.34 126.59 81.20 126.75
00595 0.253068 217.98 193.85 242.73 209.53 303.75 113.26 279.00 97.57
00726 0.713440 392.28 150.13 396.56 130.59 348.25 120.03 343.98 139.57
00727 0.666595 199.17 303.96 202.31 283.78 156.01 276.59 152.88 296.77
00728 0.701274 61.21 315.25 64.69 295.56 16.46 287.05 12.99 306.74
00793 0.713317 346.99 106.50 358.66 92.05 294.83 40.50 283.16 54.94
00799 0.675902 530.83 229.09 541.18 215.97 494.14 178.83 483.78 191.95
00852 0.443482 316.58 253.28 338.62 262.84 387.28 150.65 365.23 141.09
00852 0.292598 339.15 259.94 362.69 270.32 412.78 156.70 389.23 146.32
00854 0.263555 328.01 84.04 345.18 69.54 277.17 -11.00 260.00 3.50
00928 0.261617 485.90 410.24 480.34 400.47 446.03 420.00 451.58 429.77
00955 0.291869 185.27 245.00 180.68 221.55 105.00 236.35 109.59 259.81
00957 0.460283 49.61 303.98 41.54 280.74 -4.44 296.70 3.63 319.95
00961 0.382629 611.83 227.69 625.44 239.64 656.12 204.73 642.51 192.78
01043 0.543956 528.38 487.10 556.85 479.43 531.51 385.31 503.03 392.98
01044 0.742318 548.47 473.99 579.93 458.67 510.55 316.18 479.08 331.50
01045 0.736054 545.75 346.92 562.71 328.93 466.65 238.41 449.69 256.41
01046 0.632931 598.55 322.31 620.22 295.48 502.09 200.07 480.42 226.90
01048 0.310471 636.41 142.12 649.83 106.44 519.75 57.53 506.34 93.21
01051 0.887850 508.24 174.16 515.17 138.10 379.42 111.99 372.48 148.05
01051 0.575447 627.38 303.54 638.51 264.68 512.24 228.52 501.11 267.38
01052 0.610559 423.42 174.81 425.39 138.79 277.24 130.71 275.28 166.73
01054 0.305102 350.42 57.39 351.75 32.66 202.22 24.64 200.89 49.38
01055 0.638317 488.56 181.46 486.18 138.97 342.27 147.04 344.66 189.53
01055 0.315833 467.87 57.43 469.14 33.75 367.08 28.26 365.81 51.94
01056 0.394943 479.26 185.28 477.00 144.66 329.41 152.86 331.66 193.47
01059 0.294602 58.63 120.78 56.32 100.94 -0.12 107.51 2.18 127.34
01062 0.593248 636.64 271.28 641.61 234.90 560.21 223.77 555.23 260.15
01062 0.541182 501.52 130.15 507.17 90.13 336.67 66.06 331.02 106.08
01093 0.280255 420.55 486.21 436.50 461.01 302.61 376.29 286.66 401.49
01095 0.519607 635.05 467.94 652.18 440.69 586.23 399.22 569.09 426.47
01111 0.900042 468.32 6.42 449.88 -16.20 370.12 48.82 388.56 71.45
01112 0.587098 602.53 139.03 583.59 112.63 484.15 183.98 503.09 210.38
01284 0.295087 438.89 519.56 457.18 510.88 423.33 439.55 405.04 448.23
